120.549 30.0931 160.746 143.929
113.258 30.7752 160.746 142.906
107.703 30.7752 160.746 142.906
93.1217 30.0931 165.607 145.634
87.5667 30.7752 175.328 145.634
80.2759 30.4342 187.479 145.634
73.6794 31.4574 201.367 143.588
69.5132 31.4574 209.352 143.588
63.9582 31.4574 222.198 143.588
56.3202 32.4806 245.459 140.859
54.5843 32.8216 254.139 139.495
54.5843 32.8216 257.61 138.131
54.9314 35.2091 261.777 135.402
54.9314 35.2091 264.901 135.402
54.9314 37.2555 271.498 133.015
55.2786 37.9376 273.234 129.945
55.2786 38.6197 277.747 128.24
54.2371 39.6429 281.913 126.194
54.2371 40.6661 285.732 125.171
54.2371 40.6661 289.204 124.488
54.2371 42.3714 291.287 122.783
57.0145 42.3714 293.023 125.512
64.3054 44.0767 290.593 125.853
67.0829 44.0767 287.121 127.217
68.4716 44.0767 286.079 127.217
70.5547 45.0999 283.996 126.194
71.5963 45.0999 282.955 127.217
75.4153 45.0999 280.872 127.217
78.1928 45.0999 278.094 128.922
82.359 45.0999 275.664 128.922
86.8723 45.0999 271.151 130.286
88.9554 45.0999 267.679 130.286
94.5104 45.0999 261.429 130.969
97.635 46.1231 255.874 129.945
100.413 46.1231 251.014 129.945
103.884 46.8053 244.765 129.263
106.662 46.8053 239.904 129.263
110.481 48.1695 232.266 127.899
114.994 48.1695 223.586 127.899
117.425 48.1695 216.295 127.899
120.896 48.1695 210.393 127.899
124.368 48.1695 203.797 127.217
127.493 48.1695 196.159 127.217
132.006 48.1695 185.396 127.217
133.742 49.1927 177.758 126.194
131.312 49.1927 174.981 125.512
129.576 49.1927 172.203 125.512
127.493 49.1927 169.078 125.512
123.327 50.557 165.607 124.147
116.73 51.2391 165.607 124.147
111.175 51.2391 165.259 124.147
104.579 50.898 167.69 124.829
98.3294 50.898 171.509 125.853
92.7745 50.898 176.717 125.853
88.6083 50.898 177.411 125.853
82.359 50.898 183.66 125.853
76.4568 49.8748 191.993 126.876
69.166 49.8748 204.838 126.876
64.9998 49.8748 212.476 126.876
61.8751 48.5106 219.073 128.24
59.792 48.5106 224.628 128.24
56.6674 47.4874 230.53 129.263
53.8899 47.4874 236.432 129.263
52.154 47.4874 242.681 127.899
49.7237 47.4874 247.542 127.899
48.6821 47.4874 251.014 127.217
47.2934 47.4874 255.874 125.853
45.5575 47.4874 261.777 125.853
45.5575 46.8053 265.248 126.194
45.5575 46.8053 267.331 125.171
45.5575 46.8053 270.456 124.488
45.5575 46.8053 273.581 124.488
45.5575 45.7821 285.732 121.419
45.5575 45.7821 287.468 121.419
45.5575 44.4178 289.204 121.419
45.5575 44.4178 291.634 121.419
45.5575 44.4178 293.717 120.055
48.3349 44.4178 293.023 120.055
48.3349 44.4178 295.106 121.419
51.8068 43.7357 293.023 123.124
53.1955 42.3714 293.37 124.829
56.6674 42.3714 289.898 126.194
58.4033 41.6893 289.551 126.876
61.8751 40.325 284.691 128.24
64.9998 40.325 281.566 130.286
74.7209 38.6197 271.845 133.697
76.804 37.2555 269.762 136.085
80.9702 37.2555 265.596 136.085
84.0949 35.2091 263.86 138.472
87.2195 35.2091 260.735 138.472
89.997 34.868 256.916 138.813
93.816 34.868 252.403 138.813
96.2463 33.8448 249.278 139.836
99.371 33.8448 244.765 139.836
102.148 33.8448 240.598 139.836
104.926 32.1395 236.085 141.542
107.703 32.1395 231.919 141.542
110.828 32.1395 226.017 141.542
113.605 32.1395 220.462 141.542
116.036 32.1395 216.295 141.542
120.549 32.1395 207.616 141.542
124.021 30.0931 201.019 143.588
126.104 30.0931 194.77 143.588
126.104 30.0931 190.604 143.588
129.923 30.0931 181.577 143.588
129.923 30.0931 177.064 142.906
133.048 30.0931 164.912 142.906
130.965 30.0931 162.135 142.906
125.063 30.0931 163.176 142.906
119.508 30.0931 163.176 142.906
113.258 29.411 163.176 142.906
109.786 29.411 163.176 142.906
104.232 29.0699 163.176 145.293
99.0238 29.411 163.176 145.293
94.8576 29.411 163.176 145.293
91.0386 29.752 177.064 145.293
85.4836 28.7289 183.313 145.293
80.2759 29.752 190.951 145.293
