75.9441 55.25 189.572 137.586
84.0302 54.9052 185.529 135.172
94.3623 54.9052 184.182 134.138
103.347 54.9052 185.529 134.138
114.128 54.9052 183.732 134.138
118.62 54.9052 187.775 134.138
123.562 54.9052 189.572 132.069
120.866 54.9052 202.151 132.069
113.23 54.9052 215.178 134.483
106.941 54.9052 226.409 134.483
101.55 54.9052 234.944 134.483
95.2608 54.9052 244.827 136.552
90.3193 54.9052 251.565 136.552
83.5809 54.9052 258.303 135.517
77.2918 54.5603 265.94 135.517
71.0027 54.5603 272.229 134.138
66.0612 54.5603 276.722 133.103
57.9752 54.5603 283.909 129.655
53.0338 54.5603 288.851 127.241
48.5415 54.5603 293.343 125.862
46.2954 54.5603 295.589 122.759
42.7016 54.5603 299.183 121.724
40.0063 54.5603 301.878 120
39.1078 54.5603 298.284 117.241
36.4125 54.5603 298.734 116.897
35.514 52.4914 295.589 120.69
35.514 52.4914 291.995 123.448
35.514 52.4914 288.401 126.552
37.7602 52.4914 282.562 129.655
40.9047 51.4569 274.476 132.414
40.9047 51.4569 269.983 135.517
35.0648 51.4569 272.679 138.966
35.0648 51.4569 267.288 140.345
35.0648 51.4569 262.796 141.724
35.0648 51.4569 257.405 143.103
36.4125 51.4569 250.667 145.172
39.1078 51.4569 241.233 145.172
42.2524 51.4569 233.596 146.207
45.397 51.4569 225.061 146.207
49.8892 51.4569 214.729 146.207
56.1783 51.4569 208.44 146.207
63.3659 51.4569 199.455 146.207
73.698 51.4569 196.311 146.207
84.9286 51.4569 197.658 143.103
96.1592 51.4569 199.455 141.379
110.085 51.4569 197.209 141.379
123.562 51.4569 194.963 141.379
125.808 51.4569 202.151 141.379
122.663 51.4569 212.033 141.379
120.417 51.4569 220.119 145.517
113.679 51.4569 230.452 146.897
109.187 51.4569 238.538 146.897
102.898 51.4569 246.624 146.897
97.5069 51.4569 254.71 146.897
92.1162 51.4569 261.897 146.207
87.624 51.4569 266.389 146.207
82.6825 52.4914 271.331 142.759
78.1903 52.4914 274.925 140.345
74.5965 52.4914 274.925 138.966
69.655 53.5259 279.866 135.862
66.5105 53.5259 283.011 133.793
62.0182 53.5259 291.097 131.034
60.6705 53.5259 293.343 128.621
57.0768 54.5603 297.386 125.172
53.483 54.5603 299.632 122.069
51.2369 54.5603 300.081 120
48.9907 54.5603 300.53 117.586
48.9907 54.5603 297.835 115.517
47.6431 54.5603 296.487 117.241
46.2954 54.5603 295.14 120.345
46.2954 54.5603 291.097 122.759
46.2954 54.5603 287.054 124.483
46.2954 54.5603 282.112 125.862
46.2954 54.5603 277.62 128.276
46.2954 54.5603 272.229 130
46.2954 54.5603 265.491 131.724
46.2954 54.5603 260.1 133.448
46.2954 54.5603 254.26 133.448
47.1938 54.5603 247.522 134.138
50.3384 54.5603 238.088 136.552
55.7291 54.5603 222.815 136.552
60.6705 54.5603 212.483 136.552
65.1628 54.5603 200.803 136.552
69.2058 54.5603 192.717 136.552
75.4949 54.5603 185.978 136.552
83.1317 54.5603 183.283 136.552
91.667 54.5603 185.08 136.552
101.55 54.5603 186.428 133.103
113.23 54.5603 184.182 133.103
119.519 54.5603 186.428 133.103
122.663 54.5603 189.123 133.103
125.359 54.5603 192.717 134.483
