83.2792 71.9488 186.504 139.959
76.2977 71.9488 190.493 139.271
64.8282 71.9488 204.456 138.583
59.3428 71.261 214.928 138.239
53.8575 71.261 224.403 138.239
50.8654 71.261 230.886 138.239
47.8734 71.261 239.862 136.52
45.38 71.261 246.345 134.457
38.8972 71.261 265.294 132.049
37.4012 71.261 271.279 131.018
37.4012 71.261 276.764 131.018
36.9025 71.261 281.751 128.955
36.9025 71.261 285.241 126.204
36.9025 71.261 289.729 122.765
35.4065 71.261 296.711 122.765
35.9051 71.261 299.703 121.733
35.9051 71.261 303.194 120.701
36.4038 71.261 306.684 120.014
36.4038 71.261 308.679 118.294
36.4038 71.261 313.167 116.575
36.4038 71.261 315.661 115.199
38.3986 71.261 316.658 114.512
39.8946 70.5733 315.162 114.168
42.8866 70.5733 314.663 113.136
43.8839 69.8855 317.156 115.199
46.3773 70.9172 313.167 115.543
46.876 70.9172 315.661 116.919
50.8654 70.9172 310.674 116.919
52.8601 70.9172 308.679 119.326
55.8521 70.9172 305.687 119.326
58.3455 68.8538 303.194 123.453
62.8336 67.1345 296.212 126.547
64.3296 67.1345 298.706 127.923
69.3163 65.0712 293.719 130.33
72.8071 65.0712 290.228 130.33
76.7964 64.0396 286.239 133.081
80.2871 62.3201 282.748 135.832
85.2738 62.3201 277.761 135.832
88.2659 60.2569 274.769 139.271
93.2527 60.2569 268.286 139.271
95.746 58.8813 262.302 141.678
101.231 58.1936 256.817 142.366
105.221 57.1619 252.828 143.398
109.21 56.1303 245.347 144.429
113.2 56.1303 238.865 142.71
116.69 56.1303 229.889 142.71
120.68 55.0987 221.411 144.773
123.672 54.4109 213.432 145.461
127.661 54.4109 204.955 145.461
129.157 54.4109 197.973 145.461
130.155 54.4109 189.995 143.741
135.64 52.3477 178.027 141.334
128.659 52.3477 177.029 142.366
119.682 52.3477 175.533 142.366
110.706 52.3477 175.533 140.303
100.005 52.3477 176.02 143.746
91.2496 52.3477 176.02 144.435
72.2793 52.3477 197.422 147.878
67.4152 52.3477 205.691 147.878
61.5782 52.3477 215.419 147.878
55.7412 52.3477 225.634 147.878
52.3363 54.7581 233.903 146.157
49.9042 54.7581 239.74 146.157
49.4178 55.4468 245.091 143.746
45.5264 55.4468 254.819 143.746
43.0943 55.4468 261.142 143.746
43.0943 58.546 266.493 139.27
40.6623 60.2678 273.789 137.548
40.1758 63.0226 278.653 133.76
40.1758 63.0226 282.058 132.038
40.1758 63.0226 285.463 131.005
40.1758 64.7443 289.355 128.939
39.6894 64.7443 294.219 127.217
39.6894 66.4661 297.137 125.495
39.6894 66.4661 301.029 123.085
39.6894 68.1879 305.406 119.986
39.6894 69.2209 308.325 118.264
39.6894 69.2209 312.216 117.231
39.6894 69.2209 314.162 115.165
39.6894 69.2209 317.08 115.165
42.1215 70.9427 317.567 113.443
44.5536 70.9427 316.108 114.821
46.9857 70.9427 315.135 116.542
49.9042 70.9427 313.675 117.575
53.3091 70.9427 310.757 118.953
55.7412 70.9427 308.325 120.33
58.6597 70.9427 305.406 121.363
61.0918 70.9427 302.974 122.052
64.0103 70.9427 300.542 123.774
67.9016 70.9427 296.651 125.151
71.7929 70.9427 293.732 125.151
76.1707 70.9427 289.355 126.184
80.5484 70.9427 284.977 126.184
86.8718 70.9427 278.653 129.628
91.736 70.9427 273.789 132.038
96.6002 70.9427 265.52 133.416
101.464 70.9427 259.197 134.793
104.869 70.9427 252.387 136.515
112.165 70.9427 240.227 139.27
118.002 70.9427 229.039 139.27
124.812 70.9427 214.446 139.27
130.163 70.9427 202.772 139.958
132.109 70.9427 194.017 139.958
128.704 70.9427 190.612 140.991
126.272 70.9427 183.802 140.991
119.948 70.9427 182.829 140.991
109.733 70.9427 183.316 140.991
102.437 70.9427 182.343 140.991
92.7088 70.9427 183.316 140.991
86.8718 70.9427 185.748 140.991
77.1435 70.9427 191.585 140.991
