122.633 40.202 194.691 158.436
125.224 40.202 188.648 158.436
125.224 40.202 185.626 157.064
127.382 40.202 179.582 157.064
129.109 40.202 173.107 155.35
126.087 40.202 171.38 155.35
117.022 40.202 173.538 155.35
110.546 40.202 172.243 154.664
103.208 40.202 172.675 154.664
96.3005 40.202 172.675 156.722
90.2569 40.202 170.948 157.407
85.0766 40.202 174.834 157.407
79.033 40.202 182.604 159.465
73.8528 40.202 189.943 159.465
70.8309 40.202 195.123 159.465
67.8091 40.202 199.871 159.465
65.6507 40.202 204.62 159.465
61.7655 40.5449 212.822 159.122
60.9021 41.2308 218.434 158.436
59.6071 41.2308 222.751 158.436
58.312 41.2308 227.499 158.436
58.312 41.2308 230.09 158.436
57.4486 42.2596 234.838 156.036
57.4486 42.2596 237.86 156.036
57.4486 43.9743 243.904 152.606
57.4486 43.9743 246.925 152.606
57.4486 45.689 250.379 150.206
58.312 45.689 254.696 148.491
58.312 47.4036 258.581 145.062
58.7437 47.4036 261.171 143.69
58.7437 47.4036 265.056 143.004
58.7437 48.7754 268.51 140.261
56.5852 50.1471 272.827 138.889
56.5852 50.1471 276.712 135.46
56.5852 50.1471 279.302 135.46
56.5852 51.5189 281.46 132.716
56.5852 51.5189 283.619 131.687
56.5852 52.5477 283.619 130.658
56.5852 52.5477 284.914 132.716
57.8803 52.5477 286.209 133.402
59.6071 53.5765 286.641 134.088
59.6071 53.5765 286.641 135.46
62.6289 54.6053 283.619 134.431
63.4923 54.6053 282.755 135.802
65.6507 54.6053 280.597 137.86
69.1042 54.6053 277.144 138.203
71.6943 55.6341 272.827 139.575
75.1478 55.6341 269.373 139.575
78.6013 56.32 265.92 140.261
82.0548 56.32 262.466 141.632
85.5083 56.32 262.034 141.632
88.9618 57.3488 255.991 140.604
91.9836 57.3488 252.969 140.947
97.1639 57.3488 247.789 140.947
100.186 58.7205 243.04 139.575
102.776 58.7205 239.155 139.575
108.388 58.7205 230.953 139.575
111.841 58.7205 224.478 139.575
116.158 59.7493 216.707 138.546
118.748 59.7493 210.232 138.546
123.065 59.7493 202.893 138.546
125.224 60.7781 195.123 137.517
128.677 60.7781 186.921 136.488
126.519 60.7781 182.172 135.46
123.065 60.7781 178.719 135.802
121.77 60.7781 173.107 133.745
113.568 60.7781 173.538 133.745
107.093 60.7781 171.38 134.774
98.459 60.7781 171.812 134.774
89.3935 60.7781 176.992 135.46
80.3281 60.7781 183.036 137.174
70.3993 60.7781 187.784 137.174
63.9239 60.7781 195.986 137.86
58.7437 60.7781 206.778 137.86
52.7001 61.464 219.297 137.86
49.2466 61.464 228.794 137.86
47.0881 60.4352 234.838 138.889
44.498 60.4352 242.608 138.889
44.498 59.4064 246.494 139.918
41.9079 59.4064 253.401 137.517
41.9079 58.3776 258.581 138.203
41.9079 58.3776 262.898 137.174
41.9079 58.3776 266.783 136.145
44.0663 57.0058 266.783 136.145
44.0663 57.0058 271.1 134.774
44.0663 57.0058 274.553 132.03
41.9079 56.32 280.165 132.716
41.9079 56.32 281.892 130.658
41.9079 55.6341 284.914 129.973
43.2029 55.6341 284.914 128.601
45.3614 53.9194 285.346 129.287
48.8149 53.9194 281.892 132.03
51.405 53.9194 279.302 133.745
54.8585 52.2047 275.848 138.203
57.8803 52.2047 272.827 139.918
62.6289 50.1471 266.783 141.975
67.8091 49.8042 261.603 145.405
73.8528 47.7466 255.559 147.462
78.6013 47.7466 251.674 147.462
85.0766 45.689 246.494 152.263
89.3935 44.3172 242.177 153.635
96.7322 44.3172 234.838 153.635
98.0273 42.6025 233.543 155.35
106.229 42.6025 223.183 158.436
111.41 41.5737 215.412 159.465
117.022 41.5737 206.347 158.436
121.338 40.5449 198.576 159.465
123.497 40.5449 191.669 158.093
127.382 40.5449 181.741 157.064
128.245 40.5449 174.834 156.036
128.245 40.5449 169.653 155.007
118.317 40.5449 172.675 155.007
109.251 40.5449 172.675 155.007
