44.105 64.2075 294.929 98.0796
46.5204 65.914 294.929 98.0796
50.9487 64.6341 292.514 101.066
53.3641 64.6341 290.099 101.919
59.8052 64.6341 283.657 103.626
63.4284 64.2075 279.229 104.479
67.8566 64.6341 272.788 104.052
71.8823 64.6341 268.762 104.905
77.5183 65.4873 264.334 104.052
82.3491 65.4873 259.503 104.052
87.18 65.4873 255.075 104.052
92.4134 65.4873 248.231 104.479
96.4391 66.3406 242.193 103.626
102.075 66.3406 232.934 103.626
104.893 66.3406 226.493 104.052
110.932 66.3406 214.818 103.199
116.97 66.3406 201.533 103.199
121.801 67.6204 188.651 101.919
124.216 67.6204 178.989 101.493
126.229 67.6204 168.523 101.493
126.632 68.4737 156.848 100.639
118.58 68.9003 154.433 98.5062
111.334 68.0471 151.212 100.213
98.4519 68.0471 154.03 102.346
87.5825 68.0471 159.263 102.346
76.7132 68.0471 172.548 102.346
68.6618 68.0471 182.612 102.346
59.4027 68.0471 194.287 102.346
52.9615 68.0471 204.351 102.346
46.923 68.0471 216.026 102.346
40.8845 68.0471 226.493 102.346
37.6639 68.0471 233.336 101.493
34.4433 68.0471 241.79 101.493
32.4305 68.0471 248.231 101.493
31.2228 68.0471 254.27 100.213
30.0151 68.0471 257.893 100.213
30.0151 67.1938 264.334 99.3594
30.0151 67.1938 266.347 99.3594
30.8202 66.3406 269.97 100.213
30.8202 66.3406 274.398 98.9328
30.8202 66.3406 276.009 97.6529
30.8202 66.3406 281.645 97.6529
30.8202 66.3406 284.06 96.3731
30.8202 66.3406 286.475 96.3731
32.4305 66.3406 288.891 94.24
32.4305 66.3406 290.099 94.24
32.4305 66.3406 293.722 96.3731
32.4305 64.2075 295.332 99.786
34.4433 64.2075 294.929 99.786
36.8588 64.2075 293.722 99.786
40.0793 64.2075 291.306 100.639
43.2999 64.2075 288.086 102.346
45.7153 64.2075 285.268 102.772
49.741 64.2075 284.06 103.199
52.9615 64.2075 280.034 103.199
56.5847 64.2075 276.411 103.199
61.4155 64.6341 272.385 104.052
66.2463 64.6341 266.347 104.052
69.8695 64.6341 262.724 104.052
75.1029 64.6341 257.49 104.052
79.9337 64.6341 252.66 104.052
84.7645 64.2075 244.608 106.185
88.7902 64.2075 240.18 106.185
94.8288 65.0607 231.323 105.759
100.465 65.0607 223.675 105.759
105.698 65.0607 213.61 105.759
109.321 65.0607 206.767 105.759
115.36 65.914 196.3 104.479
119.788 65.914 187.443 104.479
124.216 65.914 177.782 104.052
128.242 65.914 166.107 104.052
127.034 65.914 159.263 104.052
124.619 65.0607 156.043 104.905
118.58 65.914 153.627 104.052
110.932 65.914 152.017 104.052
102.478 65.914 154.03 104.479
94.0236 65.914 158.861 104.479
85.5697 65.914 164.899 104.479
79.1286 65.914 169.73 104.479
71.8823 65.914 182.21 104.479
65.4412 65.914 193.482 104.479
60.6104 65.914 203.546 104.905
56.9872 65.914 212 104.905
51.7538 65.914 223.272 104.905
49.741 65.914 232.129 104.905
46.1179 65.914 240.985 103.199
46.1179 65.914 246.621 103.199
42.8973 65.914 255.075 103.199
42.0922 65.4873 259.906 101.919
42.0922 65.4873 265.542 101.919
42.0922 65.4873 270.373 100.213
42.0922 65.4873 275.203 100.213
42.0922 63.7809 280.034 100.639
42.0922 63.7809 284.06 99.3594
42.0922 63.7809 288.086 99.3594
42.0922 63.7809 290.904 97.2263
42.8973 63.7809 292.917 97.2263
42.8973 63.7809 297.345 100.213
45.3127 63.7809 294.929 100.213
46.923 62.501 293.319 102.346
48.5333 63.3542 294.124 102.346
51.3513 63.3542 291.306 102.346
52.559 63.3542 290.099 102.346
54.9744 63.7809 289.696 101.919
59.8052 63.7809 284.463 101.919
63.0258 63.7809 278.827 104.052
67.0515 63.7809 274.801 104.905
71.0772 63.7809 271.178 104.905
75.908 63.7809 266.347 104.905
79.9337 65.914 263.126 104.905
85.5697 65.914 257.49 104.905
