55.7297 76.149 207.72 126.21
59.4108 76.149 201.41 125.864
63.6178 76.149 193.522 125.864
67.299 76.149 189.841 125.864
73.0836 76.149 184.056 125.864
77.2906 76.149 181.952 125.864
84.1269 76.149 175.642 128.976
87.808 76.149 176.694 129.668
94.6444 76.149 177.22 129.668
100.429 76.149 177.745 129.668
106.214 76.149 176.694 129.668
111.998 76.149 177.745 129.668
121.464 76.149 174.59 129.668
121.464 76.149 179.323 129.668
121.464 76.149 185.108 129.668
122.516 76.149 188.789 129.668
122.516 76.149 192.996 129.668
115.679 76.149 204.565 129.668
113.576 76.149 209.824 129.668
108.843 76.149 219.29 129.668
106.74 76.149 224.022 129.668
100.429 76.149 234.014 129.668
96.222 76.149 241.902 125.173
92.5409 76.149 248.213 125.173
87.808 76.149 253.471 123.444
83.601 76.149 259.782 122.752
78.3423 76.149 265.041 122.061
75.7129 75.4575 267.67 121.369
72.5577 75.4575 271.351 121.369
67.8248 75.4575 276.084 119.295
64.1437 75.4575 279.765 118.603
60.9885 75.4575 282.92 118.603
58.3591 75.4575 285.55 117.566
52.5745 75.4575 291.334 116.183
52.5745 75.4575 291.334 114.454
47.8416 75.4575 296.067 113.071
46.264 75.4575 297.645 112.033
43.1087 75.4575 299.222 109.613
43.1087 75.4575 298.171 108.23
38.9017 75.4575 300.274 106.846
36.7983 75.4575 299.748 105.118
35.7465 75.4575 297.645 105.118
35.7465 75.4575 294.49 105.809
33.643 75.4575 294.49 108.575
33.643 75.4575 291.334 109.959
32.0654 75.4575 289.231 112.379
32.5913 75.4575 286.601 114.108
32.5913 75.4575 282.92 115.837
32.5913 75.4575 279.765 116.183
32.5913 75.4575 275.558 118.949
32.5913 75.4575 272.403 120.678
32.5913 75.4575 269.248 122.752
32.5913 75.4575 265.566 123.79
32.5913 75.4575 262.411 125.173
32.5913 75.4575 258.204 125.864
32.5913 75.4575 252.945 126.556
32.5913 75.4575 248.738 128.285
36.2724 75.4575 242.428 128.285
38.3759 75.4575 236.643 129.322
41.5311 75.4575 228.755 129.322
44.1605 75.4575 224.022 127.939
48.8934 75.4575 216.66 127.939
52.5745 75.4575 209.298 127.939
56.7815 75.4575 202.462 127.939
61.5143 75.4575 196.151 125.519
66.2472 75.4575 189.315 124.136
74.1353 75.4575 182.478 124.136
79.9199 75.4575 186.159 124.136
85.7045 75.4575 189.315 124.136
92.015 75.4575 191.944 124.136
100.955 75.4575 191.418 124.136
109.369 75.4575 188.789 124.136
118.309 75.4575 185.634 124.136
123.042 75.4575 188.263 124.136
121.464 75.4575 195.625 124.136
121.464 75.4575 199.306 126.21
119.36 75.4575 206.669 126.21
116.731 75.4575 213.505 126.21
114.628 75.4575 218.764 126.21
109.369 75.4575 227.703 126.21
106.74 75.4575 232.962 127.939
103.058 75.4575 239.799 127.939
99.3773 75.4575 243.48 127.939
96.222 75.4575 247.161 127.939
93.0668 75.4575 251.368 127.939
88.3339 74.7659 257.678 128.631
86.7563 74.7659 259.256 127.593
82.0234 74.7659 263.989 126.902
78.3423 74.7659 267.67 126.902
75.1871 74.7659 270.825 124.827
73.0836 74.7659 272.929 122.407
69.4024 74.7659 276.61 122.407
66.2472 74.7659 279.765 121.024
62.0402 74.7659 283.972 119.64
58.885 74.7659 287.127 116.874
55.7297 74.7659 290.283 115.491
54.678 74.7659 291.334 113.762
52.0486 74.7659 293.964 112.379
48.3675 74.7659 297.645 110.996
45.2122 74.7659 298.171 108.575
43.1087 74.7659 300.274 106.501
43.1087 74.7659 297.645 105.809
39.4276 74.7659 298.171 104.426
39.4276 74.7659 298.171 105.463
37.3241 74.7659 297.119 106.846
34.6948 74.7659 298.171 107.538
34.6948 74.7659 295.541 109.267
34.6948 74.7659 292.912 110.304
34.6948 74.7659 292.912 112.379
34.6948 74.7659 288.179 112.379
34.6948 74.7659 286.601 114.108
34.6948 74.7659 284.498 115.491
34.6948 74.7659 280.291 117.566
34.6948 74.7659 277.136 117.566
34.6948 74.7659 274.506 117.566
34.6948 74.7659 272.403 119.64
34.6948 74.7659 267.67 119.64
34.6948 74.7659 263.463 121.369
34.6948 74.7659 259.256 121.369
34.6948 74.7659 256.101 121.369
36.7983 74.7659 250.842 121.715
39.9535 75.8033 243.48 120.678
42.5829 75.8033 236.643 120.678
47.3157 75.8033 226.652 120.678
47.8416 75.8033 222.971 120.678
53.1003 75.8033 215.083 120.678
56.7815 75.8033 206.669 124.136
60.4626 75.8033 200.358 125.864
64.6696 75.8033 191.418 125.864
69.4024 75.8033 185.634 125.864
74.6612 75.8033 183.004 125.864
81.4976 75.8033 176.168 127.939
86.7563 75.8033 173.538 127.939
90.4374 75.8033 176.168 127.939
96.222 75.8033 176.168 127.939
103.058 75.8033 177.22 127.939
