40.6724 65.9222 316.682 106.996
34.4536 65.9222 317.16 106.996
35.4103 66.951 311.42 106.996
34.9319 66.951 310.941 108.025
32.0617 66.951 308.071 109.053
32.0617 68.3227 302.331 109.053
32.0617 68.3227 298.504 110.425
32.0617 69.3515 284.153 111.111
32.0617 69.3515 278.412 112.483
34.4536 69.3515 269.802 114.883
36.8454 69.3515 262.148 114.883
41.6291 70.7233 252.58 113.512
44.9777 70.7233 243.969 115.226
49.7615 70.7233 234.402 116.255
54.0668 70.7233 222.921 116.255
59.8073 70.7233 211.919 116.255
65.0693 70.7233 200.916 116.255
72.7233 72.4379 189.913 114.54
80.3772 73.1238 178.433 114.54
88.0312 73.1238 174.127 114.54
96.1635 73.1238 167.43 114.54
103.339 73.1238 163.603 114.54
111.95 73.1238 165.995 114.54
120.56 73.1238 165.995 114.54
130.128 73.1238 165.995 114.54
132.041 73.1238 170.779 114.54
134.433 73.1238 182.738 114.54
131.085 73.1238 193.262 114.54
123.909 71.4091 211.44 116.255
117.212 71.4091 224.835 116.255
108.601 71.4091 238.229 116.255
107.166 71.4091 243.491 115.912
102.382 71.4091 251.145 115.912
97.5986 71.4091 258.799 115.912
88.5095 70.0374 272.193 115.226
82.2907 70.0374 280.804 115.226
78.4637 69.0086 286.066 116.255
74.6368 69.0086 289.893 113.855
68.8963 69.0086 297.069 113.855
66.5045 69.0086 299.461 113.169
62.1991 68.3227 303.766 112.826
55.0235 67.2939 310.941 111.797
52.6317 67.2939 313.333 111.797
48.8047 67.2939 318.117 109.053
45.9345 67.2939 316.682 109.053
37.3238 65.5792 313.333 105.281
37.3238 65.5792 309.506 106.653
35.4103 64.8933 308.55 107.339
35.4103 64.2075 304.723 109.053
35.4103 62.1499 293.72 114.883
33.9752 61.464 281.282 117.97
33.9752 61.464 277.455 117.97
33.9752 60.4352 270.28 120.713
35.4103 59.7493 264.539 121.399
36.8454 59.7493 258.799 121.399
42.1075 59.7493 243.969 122.771
47.3696 59.7493 232.01 122.771
65.5477 58.7205 196.611 125.514
72.7233 58.7205 188.478 125.514
81.334 58.7205 177.954 122.428
98.5553 58.7205 165.995 122.428
120.082 58.7205 164.56 122.428
131.085 58.7205 188.478 124.143
121.517 58.7205 215.267 125.857
110.993 58.7205 236.316 125.857
105.731 58.7205 246.361 125.857
101.426 58.7205 254.015 125.857
95.6851 60.0922 262.626 124.143
91.8581 60.0922 268.366 122.771
87.5528 60.0922 273.628 122.771
83.2475 60.0922 277.934 122.771
79.4205 60.0922 280.804 121.742
70.3314 62.1499 290.372 118.999
64.591 62.1499 296.112 118.999
61.7207 63.8645 300.417 115.912
56.937 63.8645 302.331 114.883
52.1533 65.2363 307.115 111.797
49.2831 65.2363 309.985 110.425
44.021 65.2363 315.247 108.368
41.6291 66.2651 315.247 107.339
39.2373 66.2651 315.247 106.31
36.367 66.2651 315.247 106.31
36.367 67.2939 310.463 106.31
31.105 67.2939 311.898 108.025
