44.3205 58.5949 301.106 146.814
42.2825 58.5949 298.049 142.659
43.811 58.5949 292.444 143.006
43.811 58.5949 289.897 146.814
43.811 58.5949 284.802 149.584
43.811 58.5949 279.707 154.778
43.811 57.2098 273.593 159.28
43.811 57.2098 266.97 163.435
43.811 55.8248 260.856 167.59
43.811 56.5173 252.705 170.014
43.811 54.786 246.081 172.784
43.811 54.786 239.458 174.515
45.8489 54.786 232.835 174.515
48.9058 54.786 221.117 175.208
55.0196 54.786 212.965 175.208
62.1524 54.786 201.756 175.208
69.7947 54.786 192.585 173.823
79.9844 54.786 191.566 168.975
92.2121 54.786 191.566 167.59
103.93 54.786 191.566 165.512
118.705 54.786 187.491 168.629
118.196 54.786 194.623 168.629
114.12 54.786 207.87 172.091
112.082 56.1711 215.003 172.438
105.968 56.1711 225.702 172.438
100.364 56.1711 233.854 172.438
93.7405 56.1711 242.005 173.823
89.1551 56.8636 246.591 172.091
83.5508 56.8636 251.686 171.399
77.9465 56.8636 257.29 170.014
71.8327 57.5561 263.404 167.59
66.7378 57.5561 269.008 165.166
61.643 58.5949 275.631 161.357
56.5481 58.5949 280.217 158.241
51.9627 58.5949 284.802 155.471
48.3963 58.5949 288.369 152.355
45.8489 59.6337 290.916 148.546
42.2825 59.6337 294.482 145.429
39.7351 59.6337 297.03 142.313
36.1687 59.6337 298.558 139.889
34.6402 59.6337 299.068 143.006
32.6023 61.365 299.577 144.391
32.6023 61.365 297.03 146.468
29.5454 61.365 296.011 149.584
29.5454 61.365 290.916 152.701
29.5454 61.365 284.293 156.51
29.5454 61.365 280.726 159.626
29.5454 61.365 275.122 161.357
31.5833 61.365 267.989 163.089
33.6213 61.365 260.347 165.166
35.1497 61.365 252.705 165.166
39.7351 61.365 242.515 166.551
44.3205 61.7112 232.835 166.205
48.3963 61.7112 223.154 167.244
53.4912 61.7112 212.965 166.205
59.0955 61.7112 203.285 166.205
65.2093 61.7112 199.209 166.205
74.8896 61.7112 192.585 167.59
81.5129 61.7112 188.509 167.59
92.2121 61.7112 186.472 166.205
102.911 61.7112 183.924 166.205
112.591 61.7112 183.924 166.205
114.629 61.7112 191.566 166.205
117.177 61.7112 197.171 166.205
117.177 61.7112 203.794 165.512
114.629 61.7112 210.927 165.512
108.516 61.7112 223.154 165.512
102.402 61.7112 233.344 165.512
97.3069 61.7112 242.005 165.512
91.7026 61.7112 252.195 165.512
86.6077 61.7112 259.328 165.512
81.5129 61.7112 265.951 164.474
77.437 61.7112 271.046 163.781
70.3042 60.3262 279.198 163.435
66.2283 60.3262 283.274 161.011
63.1714 60.3262 286.331 159.972
60.1145 60.3262 289.388 157.895
56.0386 60.3262 293.463 155.125
52.4722 60.3262 297.03 152.701
51.9627 59.2874 297.539 151.316
47.8869 59.2874 300.087 148.892
45.8489 59.2874 300.087 146.122
44.8299 59.2874 298.049 143.352
44.8299 59.2874 294.482 140.582
44.8299 59.2874 292.444 141.967
44.8299 58.2486 289.897 145.429
44.8299 58.2486 285.821 149.238
44.8299 57.5561 282.764 152.701
43.811 57.5561 279.198 155.125
43.811 57.5561 274.612 158.934
43.811 57.5561 268.499 161.357
43.811 57.5561 265.442 163.435
