109.783 63.9721 188.536 118.715
100.142 63.9721 188.536 116.969
91.0363 63.9721 188 116.969
82.4665 63.9721 184.786 116.969
73.8967 64.3212 186.393 116.969
64.2557 64.3212 199.248 116.969
56.7571 64.3212 211.567 116.969
50.8654 64.3212 223.886 116.969
47.1161 64.3212 232.456 116.969
43.3668 64.3212 241.026 116.969
40.6887 64.3212 250.131 116.969
40.1531 64.3212 254.952 116.969
39.0819 64.3212 259.772 115.922
38.5463 64.3212 265.128 115.922
40.1531 64.3212 267.806 114.176
40.1531 64.3212 274.234 114.176
43.9024 64.3212 275.84 112.43
43.9024 64.3212 280.125 110.684
43.9024 64.3212 284.41 109.288
43.9024 64.3212 288.695 107.193
43.9024 64.3212 291.909 107.193
43.9024 64.3212 295.123 105.098
43.9024 64.3212 298.336 102.304
42.2956 64.3212 303.157 102.304
42.2956 65.0196 305.835 101.257
42.2956 65.0196 307.442 102.654
44.438 66.067 306.37 102.654
46.0449 66.067 304.764 104.05
48.7229 66.067 302.621 105.447
53.5434 66.067 297.801 105.447
53.5434 66.067 297.801 107.542
59.4352 66.067 291.909 107.542
61.5776 66.067 289.231 109.288
68.005 66.067 280.125 109.288
72.2899 66.067 277.983 110.335
74.4323 66.067 277.983 111.034
80.3241 66.067 272.091 111.732
85.6802 66.067 266.735 111.732
89.9651 66.067 262.45 112.43
92.1075 66.067 260.308 113.478
99.0705 67.4637 252.274 113.128
102.82 67.4637 246.382 113.128
107.105 67.4637 241.026 113.128
111.39 67.4637 234.063 113.128
117.817 66.067 219.601 114.525
123.709 66.067 208.889 114.525
130.136 66.067 197.105 114.525
134.421 66.067 186.393 114.525
138.17 66.067 174.074 114.525
130.672 66.067 174.61 114.525
123.173 66.067 175.145 114.525
117.817 66.067 175.145 114.525
111.39 66.067 175.681 114.525
105.498 66.067 174.61 114.525
100.142 66.067 175.145 114.525
95.3212 66.067 173.538 114.525
86.2158 66.067 182.644 114.525
80.3241 64.3212 192.285 116.271
75.5036 64.6704 200.855 116.271
70.683 64.6704 209.425 116.271
65.3269 64.6704 217.994 116.271
62.1132 64.6704 226.564 114.874
57.8283 64.6704 235.67 114.874
55.1503 64.6704 243.168 114.874
53.5434 64.6704 248.524 114.874
51.9366 64.6704 254.416 114.874
49.7942 64.6704 261.379 114.176
49.2585 64.6704 266.199 114.176
48.7229 64.6704 271.556 114.176
48.7229 64.3212 276.376 112.779
49.7942 64.3212 280.661 112.779
51.9366 64.3212 283.875 111.034
51.9366 64.3212 287.624 111.034
51.9366 64.3212 291.909 111.034
51.9366 64.3212 296.194 107.193
49.2585 65.7179 302.085 105.796
47.6517 65.7179 305.835 104.749
48.1873 65.7179 308.513 103.003
48.1873 65.7179 310.655 103.003
48.1873 65.3687 312.798 103.352
48.1873 65.3687 314.405 105.447
50.3298 65.3687 311.191 107.193
54.0791 65.0196 307.442 108.939
55.6859 65.0196 304.764 110.335
58.8996 65.0196 299.407 111.732
62.1132 63.6229 293.516 114.874
65.8625 63.6229 290.838 116.271
70.1474 64.6704 286.553 115.922
73.3611 64.6704 281.732 115.922
78.1816 64.6704 276.912 115.922
81.9309 64.6704 275.305 115.922
86.7514 64.6704 271.556 115.922
88.8939 64.6704 269.413 115.922
92.6432 64.6704 265.664 115.922
96.9281 64.6704 260.308 115.922
100.677 64.6704 255.487 115.922
103.355 64.6704 250.667 115.922
107.105 64.6704 243.168 115.922
111.925 64.6704 236.205 115.922
115.675 64.6704 227.635 115.922
119.959 64.6704 217.994 115.922
124.244 64.6704 207.818 115.922
129.065 64.6704 195.499 115.922
130.672 63.9721 187.464 116.62
123.173 63.9721 186.393 116.62
114.068 63.9721 186.929 116.62
106.033 63.9721 186.929 116.62
97.9993 63.9721 188.536 116.62
89.4295 63.9721 186.929 116.62
82.4665 63.9721 185.858 116.62
74.4323 63.9721 185.858 116.62
63.1845 63.9721 200.855 116.62
57.8283 63.9721 208.353 116.62
54.0791 63.9721 220.672 116.62
