101.446 46.5017 177.264 150.619
93.6789 46.5017 176.35 150.619
85.4553 46.5017 175.893 150.619
78.1455 46.1578 177.264 152.338
71.7494 46.1578 178.177 153.026
66.267 46.1578 183.66 154.058
58.9572 46.1578 201.021 154.058
53.9317 46.1578 208.787 155.777
50.2767 46.1578 212.899 155.777
44.7943 46.1578 219.752 153.37
41.1394 46.1578 228.433 153.37
37.4845 46.1578 237.113 153.37
34.2865 46.1578 242.595 153.37
32.459 46.1578 247.621 153.37
29.7178 46.1578 255.388 153.37
28.3472 46.1578 260.413 153.37
26.9766 46.1578 264.982 153.37
26.0629 46.8456 270.921 151.651
26.0629 46.8456 273.662 150.963
26.0629 46.8456 278.231 150.963
26.0629 46.8456 282.8 150.963
26.0629 47.5334 286.454 147.868
26.9766 48.2211 288.739 147.18
26.9766 48.2211 291.48 147.18
26.9766 48.2211 295.135 145.117
26.9766 48.2211 297.419 144.085
26.9766 48.9089 301.074 142.022
26.9766 49.2528 303.815 140.303
26.9766 49.2528 307.013 138.583
26.5197 50.6283 310.211 136.176
26.5197 50.6283 313.409 136.176
26.5197 50.6283 316.151 133.769
28.3472 51.316 320.719 132.393
30.1747 51.316 321.176 133.081
32.459 52.3477 321.176 133.769
33.8296 52.3477 321.176 135.832
37.0276 52.3477 318.892 137.208
40.6826 52.3477 315.694 137.895
42.9669 52.6915 313.409 139.615
45.7081 53.3793 310.668 138.927
50.2767 53.3793 306.1 140.646
53.4748 53.3793 302.902 141.678
58.5003 53.3793 297.876 143.398
62.1552 53.3793 294.221 144.429
65.8101 54.4109 290.566 143.398
70.3788 54.4109 285.998 143.398
72.6631 54.4109 283.713 144.429
76.318 54.4109 279.601 145.461
83.6279 54.4109 272.292 145.461
86.8259 54.4109 265.896 145.461
87.7397 55.4426 262.241 144.429
95.5064 55.4426 252.19 144.429
100.532 55.4426 242.595 146.492
104.644 55.4426 234.372 146.492
107.842 55.7865 226.605 146.149
111.04 55.7865 218.382 145.805
114.695 55.7865 211.529 145.805
119.72 56.8181 201.021 144.773
121.548 56.8181 193.254 144.773
119.72 56.8181 188.685 144.773
116.522 56.8181 185.487 144.085
114.238 56.8181 180.462 144.085
112.41 56.8181 174.979 141.334
103.273 58.1936 176.807 138.583
95.9632 58.1936 177.264 138.583
88.1965 58.1936 180.005 140.303
79.0592 58.1936 186.401 140.303
72.6631 58.1936 189.142 140.303
66.267 58.1936 194.625 141.334
60.7846 58.1936 196.909 142.71
54.3885 58.1936 206.96 142.71
46.1649 57.5058 219.752 143.398
41.5963 57.5058 229.346 143.054
37.0276 57.5058 238.484 143.054
32.0021 56.8181 248.078 143.741
29.2609 56.4742 254.931 142.366
26.0629 56.4742 261.327 142.366
25.1491 56.1303 265.439 142.366
21.9511 56.1303 274.576 142.366
21.9511 56.1303 275.49 142.366
21.9511 55.4426 280.515 142.366
20.1236 55.4426 289.652 142.366
20.1236 55.4426 294.678 142.366
20.1236 54.4109 297.876 141.678
20.1236 54.4109 300.16 139.959
20.1236 54.4109 303.815 139.959
20.1236 54.4109 307.013 136.864
20.1236 54.4109 310.668 136.864
20.1236 54.4109 314.78 134.457
20.1236 54.4109 317.978 134.457
20.1236 53.3793 319.806 133.769
22.408 53.3793 319.806 132.393
22.408 53.3793 321.633 130.674
24.6923 53.3793 320.719 130.674
26.5197 53.3793 322.09 130.674
28.8041 52.0038 321.176 133.425
31.5453 52.0038 318.892 134.113
35.657 52.0038 316.151 136.52
38.3982 51.6599 313.409 137.895
41.5963 51.6599 309.755 139.271
45.2512 51.6599 304.729 139.271
48.9061 50.9721 300.617 142.022
53.4748 49.9405 296.049 144.429
56.6728 49.9405 293.764 145.461
60.7846 49.9405 289.652 146.492
65.8101 48.565 285.084 147.868
71.2925 48.565 279.601 147.868
74.9474 48.565 275.947 148.556
79.973 47.5334 270.921 150.619
84.0848 47.5334 266.809 150.619
87.7397 46.5017 261.327 152.682
94.1358 46.5017 252.19 152.682
98.7044 46.5017 244.423 153.714
101.902 46.5017 238.027 153.714
103.73 46.5017 233.001 153.714
110.126 46.5017 222.493 153.714
111.954 46.5017 215.183 153.714
114.238 46.5017 207.874 153.714
117.893 46.5017 195.081 153.714
119.72 46.5017 186.401 151.994
119.72 46.5017 178.634 150.619
111.04 46.5017 178.177 148.212
103.73 46.5017 177.264 148.212
95.0495 46.5017 175.436 148.212
86.8259 46.5017 177.721 148.212
74.4906 46.5017 181.832 148.212
66.7239 46.5017 191.883 149.931
56.216 46.5017 204.676 151.994
47.0787 46.5017 217.468 151.994
