132.505 60.0197 155.809 159.369
121.567 60.0197 157.632 159.369
111.085 60.3508 156.721 161.356
100.602 60.3508 163.557 163.674
94.2216 60.3508 172.217 164.336
88.2968 60.3508 178.597 164.667
81.9162 60.3508 187.712 166.323
77.8144 60.3508 194.549 166.323
75.5356 60.3508 203.208 164.998
73.2568 60.3508 210.5 164.998
72.801 60.3508 214.146 163.674
71.4338 60.3508 220.071 163.343
71.4338 60.3508 223.717 161.356
71.4338 60.3508 227.819 159.7
72.801 60.3508 231.009 158.376
74.6241 60.3508 231.009 157.051
74.6241 60.3508 235.567 154.071
76.9029 60.3508 235.567 152.085
76.9029 60.3508 237.39 151.091
76.9029 60.3508 239.213 148.442
76.9029 60.3508 241.036 146.124
75.5356 61.013 243.77 142.482
73.7126 61.013 245.593 140.495
72.3453 61.013 247.872 140.495
72.801 61.013 245.593 142.482
72.801 61.6753 245.593 142.813
72.801 61.6753 247.417 146.124
74.6241 61.6753 246.049 147.78
76.4471 62.0064 244.226 149.104
77.3586 62.0064 243.315 150.429
79.6374 62.0064 241.036 152.747
82.3719 62.0064 238.301 154.071
86.9295 62.3375 233.744 155.396
89.2083 62.3375 231.465 156.72
91.9429 62.9998 228.73 157.051
96.0447 62.9998 224.629 157.714
100.146 62.9998 220.527 159.7
104.704 62.9998 215.969 159.7
115.642 62.9998 201.841 159.7
118.833 62.9998 195.916 159.7
124.757 62.9998 185.889 159.7
130.682 63.9932 175.407 158.707
135.696 63.9932 165.38 157.383
134.328 63.9932 162.19 155.727
132.961 63.9932 158.544 155.727
130.226 63.9932 153.986 155.727
121.567 63.9932 151.252 155.727
114.731 63.9932 155.353 155.727
107.894 63.9932 159.455 157.383
102.881 63.9932 162.646 157.383
96.9562 63.9932 168.57 159.038
92.3986 63.9932 175.407 159.038
88.2968 63.9932 186.801 159.038
84.6507 63.9932 193.637 159.038
80.5489 63.9932 210.956 159.038
79.6374 63.9932 216.881 157.383
79.6374 63.9932 220.983 157.383
79.6374 63.9932 225.54 155.065
78.7259 63.9932 229.642 155.065
78.7259 63.9932 235.111 152.416
78.7259 63.9932 237.846 149.767
78.7259 63.9932 241.036 149.767
78.7259 63.9932 244.226 146.455
79.6374 62.3375 245.593 145.793
79.6374 62.3375 245.593 143.475
77.3586 62.3375 249.24 141.157
77.3586 62.3375 249.24 138.177
79.1816 62.3375 247.417 141.157
79.1816 62.3375 247.417 143.144
79.1816 62.3375 247.417 146.124
79.1816 62.3375 246.049 147.78
81.0047 62.3375 242.859 149.436
81.0047 62.3375 241.036 151.422
83.2835 62.3375 238.757 154.071
85.5623 62.3375 236.478 154.734
88.7526 62.3375 233.288 157.051
91.4871 62.3375 234.2 158.707
94.2216 62.3375 231.465 160.363
96.9562 62.3375 228.73 161.025
101.058 62.3375 224.629 163.012
104.248 60.0197 223.261 165.33
107.439 60.0197 219.16 165.33
111.54 60.0197 215.058 165.33
116.098 60.0197 207.766 166.323
121.567 60.0197 198.65 166.323
125.669 60.0197 190.903 166.323
128.859 60.0197 183.155 166.323
131.594 60.0197 174.951 165.33
132.961 60.3508 167.203 164.336
134.784 60.3508 158.544 164.005
125.213 60.3508 158.544 161.356
116.554 60.3508 158.088 161.356
106.983 60.3508 157.632 163.012
99.6907 60.3508 162.646 164.336
93.3101 60.3508 172.217 165.992
88.2968 60.3508 178.597 165.992
