45.8479 64.6387 234.086 123.97
47.7986 64.6387 229.209 123.97
51.7001 64.6387 221.406 125
54.1385 64.9821 214.578 124.657
58.5276 64.9821 207.263 124.657
63.892 64.9821 197.022 124.657
69.2565 64.9821 188.244 124.657
74.1333 65.669 180.441 123.97
81.4484 65.669 176.54 123.97
87.7883 65.669 174.101 123.97
96.0788 65.669 169.224 123.97
103.882 65.669 171.175 123.97
113.635 65.669 170.687 123.97
121.926 65.669 172.15 123.97
127.29 65.669 173.126 123.97
130.704 65.669 176.052 122.253
130.704 65.669 182.879 122.253
128.753 65.669 190.682 122.253
123.876 65.669 200.923 122.253
120.95 65.669 207.263 122.253
117.537 65.669 215.554 122.94
114.123 65.669 222.381 122.94
111.197 65.669 227.746 122.94
107.295 65.669 235.061 122.94
102.906 65.669 239.45 122.94
100.956 65.669 242.864 122.94
96.0788 65.669 249.691 122.94
93.6404 64.6387 252.13 123.97
90.7143 64.6387 255.056 123.97
84.8622 64.6387 260.908 121.566
82.4238 64.6387 264.809 121.566
79.0101 64.6387 268.223 119.849
76.5717 64.6387 270.661 119.505
74.6209 64.6387 272.612 117.788
74.1333 64.6387 273.1 117.445
70.7195 64.6387 276.514 116.071
69.7442 63.9519 277.489 116.415
69.7442 63.2651 275.051 115.041
67.7935 63.2651 277.001 114.354
67.7935 63.2651 275.538 112.981
67.7935 63.2651 272.612 111.951
67.7935 63.2651 270.661 111.264
67.7935 63.2651 268.223 111.264
67.7935 61.8915 265.785 113.668
67.7935 61.2047 263.346 115.041
70.2318 59.831 257.494 117.445
70.2318 59.1442 254.08 118.819
70.2318 58.4574 249.691 120.536
70.2318 58.4574 247.741 122.596
70.2318 56.7404 244.327 124.313
70.2318 56.7404 239.938 124.313
67.3058 56.0536 238.475 126.717
67.3058 55.0234 234.573 127.747
67.3058 55.0234 230.184 128.434
67.3058 54.3365 226.283 130.151
67.3058 54.3365 222.381 130.151
67.3058 54.3365 217.505 130.838
69.7442 54.3365 211.165 130.838
73.1579 52.9629 201.411 132.212
75.5963 52.9629 195.071 132.212
78.0347 52.9629 188.732 132.212
82.4238 52.9629 179.953 132.212
86.8129 52.6195 173.126 132.555
91.6897 52.6195 166.298 132.555
99.9802 52.6195 157.032 132.555
106.32 52.6195 156.057 130.838
111.685 52.6195 158.008 130.838
118.024 52.6195 158.983 128.434
126.315 52.6195 156.057 128.434
132.167 52.6195 157.52 128.434
132.167 52.6195 161.422 126.374
131.192 52.6195 168.249 126.374
124.852 52.6195 185.318 129.464
114.611 52.6195 202.387 130.151
110.221 52.6195 210.189 131.868
104.857 54.3365 216.042 130.151
100.468 54.3365 222.381 130.151
97.5418 54.3365 225.307 130.151
93.6404 56.0536 229.209 128.434
90.2267 56.0536 232.623 128.434
85.3499 57.4272 237.499 127.06
82.4238 57.4272 239.938 127.06
78.5224 58.8008 242.376 124.657
74.6209 58.8008 246.278 123.283
70.7195 59.831 247.253 122.253
67.3058 60.5179 250.667 120.536
63.4043 62.5783 254.568 118.475
60.4783 62.5783 257.494 117.102
58.0399 62.5783 262.371 117.102
56.5768 62.5783 263.834 115.728
53.6508 62.5783 269.198 115.041
50.7247 62.5783 272.125 114.698
49.7494 63.9519 273.1 111.951
45.3602 63.9519 277.489 109.203
45.3602 63.9519 275.538 110.92
45.3602 63.9519 274.075 111.607
44.8726 63.9519 273.1 113.324
42.9219 63.9519 273.588 113.668
42.9219 63.9519 270.661 115.385
42.9219 63.9519 268.223 116.415
42.9219 63.9519 265.297 117.445
42.9219 63.9519 263.834 118.132
41.9465 63.9519 261.883 119.162
41.9465 63.9519 257.494 120.192
41.9465 63.9519 255.543 121.566
41.9465 63.9519 251.642 122.596
41.9465 63.9519 246.278 122.596
44.3849 63.9519 242.376 124.313
44.3849 63.9519 238.475 124.313
46.3356 65.3255 235.061 122.94
47.7986 65.3255 230.184 122.94
51.2124 65.3255 222.869 122.94
53.6508 65.3255 217.505 122.94
57.0645 65.3255 209.702 124.313
59.5029 65.3255 204.337 124.313
63.4043 65.3255 197.022 124.313
67.7935 65.3255 190.195 124.313
74.6209 65.3255 178.978 124.313
80.4731 65.3255 176.54 124.313
