55.4738 61.464 293.065 107.339
53.8788 61.464 294.66 107.339
55.8725 61.464 291.47 106.996
55.075 61.464 292.267 106.31
52.6827 61.464 294.66 105.281
52.2839 60.7781 293.862 105.281
52.2839 60.7781 292.666 104.595
49.8916 60.7781 294.66 104.595
49.8916 60.7781 294.66 104.595
47.8979 60.7781 296.653 103.909
46.303 60.7781 296.255 102.195
46.303 60.7781 296.255 102.195
44.7081 60.0922 296.653 102.538
43.5119 60.0922 296.255 101.166
43.5119 60.0922 295.856 101.166
43.5119 59.4064 294.261 101.852
43.5119 59.4064 293.463 100.48
41.5183 59.4064 293.862 100.48
41.5183 59.4064 293.862 101.166
39.1259 59.0634 286.685 104.595
37.1323 58.0346 283.495 108.368
37.1323 58.0346 281.103 108.368
37.1323 58.0346 279.508 109.053
37.1323 56.6629 278.312 111.454
37.1323 56.6629 274.723 112.483
38.7272 56.6629 269.54 113.169
37.9297 56.6629 269.54 114.54
37.9297 56.6629 265.154 115.569
37.9297 55.6341 262.761 116.598
37.9297 55.6341 260.369 118.313
37.9297 55.6341 256.78 118.313
37.9297 54.2623 253.989 121.056
37.9297 54.2623 249.205 121.056
37.9297 54.2623 247.211 122.085
37.9297 54.2623 241.629 122.428
38.7272 54.2623 237.642 123.457
38.7272 54.2623 233.256 123.457
41.1196 54.2623 228.072 123.457
45.1068 53.5765 220.098 124.143
48.6954 53.5765 212.92 125.171
51.4865 53.5765 206.541 125.171
55.075 53.5765 198.965 125.171
62.2521 53.5765 191.389 125.171
67.0369 53.5765 186.604 125.171
73.0178 53.5765 178.63 125.171
78.9987 53.5765 170.655 125.171
87.372 53.5765 163.08 122.428
95.7452 53.5765 163.08 122.428
104.119 53.5765 160.288 122.428
114.087 53.5765 160.288 122.428
122.061 53.5765 162.681 121.056
128.042 53.5765 163.877 121.056
134.821 53.5765 164.674 121.056
140.004 53.5765 165.871 122.428
135.219 53.5765 178.231 124.143
132.827 53.5765 186.604 124.143
129.238 53.5765 194.18 124.143
125.251 53.5765 203.75 125.514
122.061 53.5765 212.123 125.514
117.675 53.5765 219.699 125.514
114.087 54.2623 227.275 124.829
110.897 54.2623 232.059 124.829
107.308 54.2623 237.642 124.829
104.517 55.2912 241.629 123.8
100.53 55.2912 245.616 123.457
97.7389 55.2912 248.407 122.771
92.5554 57.0058 253.591 120.027
87.7707 57.0058 258.375 120.027
84.1821 57.6917 261.565 118.313
81.391 57.6917 264.356 116.941
77.8025 58.0346 267.945 115.912
73.4165 59.4064 271.533 113.855
70.2267 59.4064 274.723 112.14
67.8343 59.4064 277.116 111.797
65.0432 59.4064 279.907 110.768
61.8534 59.4064 283.097 109.396
54.6763 61.1211 290.274 104.595
47.8979 61.1211 293.463 101.852
44.7081 61.1211 296.653 100.48
41.5183 61.1211 296.653 99.1084
40.3221 61.1211 296.255 99.1084
37.9297 61.1211 295.058 100.48
37.1323 61.8069 293.065 101.166
35.5374 61.8069 290.672 103.224
35.1387 62.4928 288.679 103.909
32.7463 62.4928 287.084 105.281
32.7463 62.4928 283.894 106.31
34.7399 62.4928 277.913 107.339
34.7399 62.4928 273.128 109.053
34.7399 62.4928 269.141 110.768
34.7399 62.4928 263.958 112.14
34.7399 63.1787 258.375 112.14
34.7399 63.1787 254.388 112.826
34.7399 64.8933 250.401 112.483
37.1323 64.8933 242.028 112.483
39.1259 64.8933 236.844 112.483
41.917 64.8933 228.471 113.855
44.3094 64.8933 222.889 113.855
50.2903 64.8933 212.522 115.226
53.0814 64.8933 206.142 114.198
59.0623 64.8933 196.971 114.198
65.0432 64.8933 187.801 115.912
71.8216 64.8933 179.427 115.912
78.9987 64.8933 172.25 115.912
85.3783 64.8933 167.466 115.912
92.9541 64.8933 163.08 115.912
100.53 64.8933 159.89 115.912
108.505 64.8933 158.295 115.912
116.08 64.8933 157.896 115.912
122.46 64.8933 159.89 115.912
128.042 64.8933 160.687 115.912
133.624 64.8933 161.883 115.912
131.631 64.8933 168.263 115.912
131.631 64.8933 175.041 115.912
132.827 64.8933 181.421 115.912
130.833 64.8933 187.003 115.912
128.042 64.8933 195.376 115.912
124.852 64.8933 203.351 115.912
121.663 64.8933 210.129 115.912
118.871 64.8933 216.908 114.883
113.289 63.1787 227.673 115.569
106.91 63.1787 237.642 115.569
103.321 63.1787 243.224 115.569
99.3338 63.1787 247.211 115.569
94.549 63.1787 253.989 114.883
90.163 63.1787 259.97 113.512
85.3783 63.1787 264.755 113.512
82.9859 63.1787 267.147 112.483
79.3974 63.1787 270.736 112.14
76.2076 62.1499 273.926 111.111
71.0241 62.1499 279.109 111.111
69.0305 62.1499 281.103 109.053
65.8407 62.1499 283.495 109.053
60.6572 62.1499 287.084 107.682
57.0687 61.8069 290.672 107.339
54.6763 61.8069 291.47 105.624
53.0814 61.8069 293.065 104.595
51.0878 60.0922 292.267 104.595
48.6954 60.0922 294.66 104.938
45.9043 60.0922 295.856 103.224
43.9107 60.0922 296.255 102.195
42.7145 60.0922 294.66 100.48
