124.688 37.2661 187.397 139.045
127.075 37.2661 177.45 139.045
129.463 36.9175 167.9 139.394
123.892 35.8714 164.717 140.44
115.537 35.8714 163.922 140.44
106.385 35.1741 163.524 143.229
97.632 35.1741 161.534 143.229
90.0722 35.1741 163.922 143.229
81.7167 34.8254 174.267 143.578
75.7484 34.4767 183.02 143.578
69.3823 34.1281 190.182 143.926
63.8119 34.1281 198.14 143.926
59.8331 34.1281 204.506 141.834
55.4563 34.1281 212.861 141.834
50.6817 34.1281 222.411 141.834
49.0902 34.1281 227.981 139.045
46.7029 34.1281 233.949 139.045
45.1114 34.1281 239.122 139.045
44.3156 34.4767 247.079 137.301
42.7241 34.4767 253.048 136.255
42.7241 34.4767 258.22 135.907
41.9283 35.5228 262.597 133.117
43.5198 35.5228 264.984 131.723
44.3156 35.5228 267.769 130.677
45.1114 35.5228 271.748 130.328
45.1114 37.2661 276.523 129.631
45.1114 37.2661 281.297 130.328
43.5198 37.2661 285.276 132.071
43.5198 38.3122 288.061 132.769
41.1325 38.3122 295.223 133.466
43.122 39.3582 296.417 134.163
42.7241 39.3582 300.396 134.163
42.7241 40.7529 303.181 134.512
44.7135 41.7989 303.579 134.163
47.4987 41.7989 302.783 134.163
47.4987 43.5423 305.17 133.815
50.6817 43.5423 303.977 134.861
51.8754 44.937 303.977 134.861
55.0585 46.3317 300.794 133.466
57.4458 46.3317 299.6 134.861
60.231 46.3317 296.815 134.861
62.2204 48.7724 295.223 132.071
65.0056 48.7724 292.438 133.815
68.1886 48.7724 289.255 133.815
72.1675 48.7724 285.276 135.209
74.5548 50.1671 282.889 133.815
78.9315 50.1671 278.512 134.163
82.9103 50.1671 274.533 134.163
86.8892 51.2131 269.361 133.117
89.2765 51.2131 266.178 133.117
93.2553 51.2131 260.209 133.117
97.632 51.2131 253.048 133.815
100.815 51.2131 247.477 133.815
104.794 52.2592 239.52 132.769
109.966 52.2592 229.175 131.025
115.935 52.2592 214.453 131.025
120.311 52.2592 204.904 131.025
124.29 53.6539 195.752 129.631
128.667 53.6539 184.214 129.631
126.28 53.6539 179.439 129.631
125.086 53.6539 173.073 129.631
117.526 53.6539 173.869 129.631
107.579 53.6539 175.46 129.631
98.4278 53.6539 174.664 129.631
90.4701 55.3972 174.267 127.887
81.7167 55.3972 179.439 127.887
73.3611 55.3972 185.805 127.887
66.1992 55.3972 190.182 127.887
60.231 55.3972 193.763 127.887
54.6606 55.3972 199.333 127.887
49.0902 55.3972 207.689 127.887
43.5198 55.3972 216.84 127.887
40.3368 55.3972 223.604 127.887
34.7664 57.1406 233.153 124.749
31.5833 57.1406 241.111 122.657
27.2066 57.1406 248.671 122.657
23.6257 57.1406 256.629 122.657
22.432 57.1406 259.812 119.868
20.8405 57.1406 265.78 118.473
19.2489 57.1406 271.35 118.473
18.0553 57.1406 275.727 117.078
18.0553 57.1406 280.104 116.381
18.0553 57.1406 283.287 116.381
18.0553 57.1406 286.868 112.894
18.0553 57.1406 291.244 110.802
18.8511 56.4433 292.04 110.105
18.8511 55.7459 295.223 109.059
18.8511 55.7459 296.815 109.059
18.8511 54.6999 300.396 110.802
18.8511 54.6999 303.181 112.546
18.8511 53.6539 304.375 113.592
20.8405 53.6539 304.772 115.684
20.8405 53.6539 307.558 115.684
25.2172 53.6539 304.375 115.684
27.2066 53.6539 304.375 117.427
28.7981 53.6539 302.783 119.17
31.5833 52.9565 301.987 119.868
34.7664 52.9565 298.804 120.216
37.9495 51.9105 295.621 122.308
41.5304 51.9105 292.04 122.657
43.9177 51.9105 289.653 122.657
49.0902 51.9105 284.48 124.749
51.4775 51.9105 280.502 124.749
56.65 50.1671 275.329 126.493
60.6288 50.1671 271.35 126.493
63.8119 50.1671 268.167 126.493
67.3929 50.1671 264.586 126.493
70.9738 48.7724 262.995 127.887
75.3505 47.7264 258.618 128.933
78.9315 47.7264 255.037 128.933
83.7061 45.983 250.262 130.677
88.0828 45.2857 246.284 131.374
93.2553 43.891 240.315 132.769
98.0299 42.4963 233.153 134.163
102.009 41.7989 227.981 133.815
106.783 40.7529 219.625 134.861
111.558 40.7529 211.668 134.861
115.537 39.3582 204.904 136.255
123.494 37.6148 188.988 137.999
126.678 37.6148 179.837 137.999
128.667 35.5228 171.481 140.091
127.075 35.5228 166.309 140.091
120.311 35.5228 165.513 140.091
111.558 35.5228 164.717 140.091
104.396 35.5228 163.126 140.091
95.6426 35.5228 163.524 142.183
85.2976 35.5228 169.094 142.183
78.5336 35.5228 178.643 142.183
71.3717 35.5228 188.193 142.183
