77.1181 74.3177 173.122 126.381
86.1349 74.3177 176.278 126.381
96.0534 74.3177 177.631 126.381
107.324 74.3177 176.278 126.381
117.243 74.3177 174.475 126.381
128.514 74.3177 171.77 126.381
128.514 74.3177 178.983 129.144
123.104 74.3177 191.607 129.144
118.595 74.3177 200.624 132.251
112.284 74.3177 212.345 132.251
107.775 74.3177 220.911 132.251
103.267 74.3177 229.026 132.251
97.8567 74.3177 238.043 132.251
90.1924 74.3177 249.765 132.251
86.5857 74.3177 258.331 132.251
81.1757 74.3177 266.897 132.251
76.6673 74.3177 273.209 132.251
71.2572 74.3177 278.619 127.762
67.1996 74.3177 282.676 127.417
62.2404 74.3177 287.635 125.691
58.6337 74.3177 288.988 123.273
55.027 74.3177 289.439 120.856
52.3219 74.3177 289.439 118.094
48.7152 74.3177 289.439 117.403
45.5594 74.3177 290.791 115.677
43.3052 74.3177 290.791 113.95
40.1493 74.3177 291.242 110.843
36.9934 74.3177 291.242 109.116
35.19 74.3177 290.341 110.843
32.485 74.3177 289.89 113.605
30.6817 74.3177 288.086 115.677
28.4275 74.3177 284.029 119.82
25.7224 74.3177 283.127 122.583
23.9191 74.3177 280.422 126.036
23.9191 74.3177 275.914 128.453
23.9191 74.3177 271.856 128.453
23.9191 74.3177 267.799 130.525
27.0749 74.3177 260.585 132.251
28.4275 74.3177 256.528 133.287
31.1325 74.3177 247.06 135.359
34.2884 74.3177 239.396 135.359
36.5426 74.3177 233.084 135.359
39.2476 74.3177 225.871 135.359
43.3052 74.3177 215.952 135.359
46.9119 74.3177 208.288 137.086
50.9694 74.3177 200.173 137.086
56.3795 74.3177 190.254 137.086
64.0438 74.3177 180.336 137.086
72.1589 74.3177 180.336 137.086
82.0773 74.3177 182.59 137.086
90.1924 74.3177 186.647 137.086
100.562 74.3177 184.844 137.086
111.833 74.3177 183.492 137.086
123.555 74.3177 178.983 137.086
129.415 73.2818 181.688 139.848
124.456 73.2818 192.508 138.812
119.046 73.2818 201.525 138.812
114.989 73.2818 210.542 138.122
110.931 73.2818 217.755 138.122
104.619 73.2818 228.125 138.122
101.013 73.2818 235.338 138.122
96.0534 73.2818 242.552 138.122
91.9958 73.2818 249.314 138.122
87.9382 73.2818 255.626 138.122
82.5282 73.2818 263.741 135.704
77.5689 73.2818 268.7 134.669
74.4131 73.2818 273.659 132.942
68.5522 73.2818 279.52 131.561
65.8471 73.2818 280.873 128.108
61.7896 73.2818 283.127 126.381
59.0845 73.2818 285.832 124.309
54.5761 73.6271 286.734 122.583
50.0677 73.6271 288.537 119.13
46.0102 73.6271 291.693 117.058
43.3052 73.6271 292.595 114.641
39.6984 73.6271 294.849 112.569
35.19 73.6271 292.144 112.569
32.485 73.6271 293.046 114.641
28.4275 73.6271 293.496 118.094
26.6241 73.6271 292.595 120.511
23.0174 73.6271 292.595 122.238
23.0174 73.6271 288.086 124.655
20.7632 73.6271 287.185 126.381
20.7632 73.6271 281.775 126.381
20.7632 73.6271 277.266 129.144
24.3699 73.6271 268.7 129.489
26.1733 73.6271 262.388 131.215
30.6817 73.6271 252.47 131.215
34.7392 73.6271 244.355 131.215
38.7968 73.6271 235.789 132.597
41.9526 73.6271 226.772 132.597
46.0102 73.6271 217.755 132.597
51.4203 73.6271 207.837 132.597
58.1829 73.6271 195.664 132.597
64.9454 73.6271 183.041 132.597
72.1589 73.6271 173.122 132.597
79.8231 73.6271 174.024 132.597
87.0366 73.6271 177.631 131.215
95.1517 73.6271 178.983 130.18
106.874 73.6271 175.827 130.18
116.792 73.6271 174.024 128.453
125.809 73.6271 173.573 128.453
128.965 73.6271 176.278 128.453
124.005 73.6271 187.549 128.453
119.948 73.6271 197.017 130.87
114.087 73.6271 208.739 132.597
