42.3118 54.1203 281.187 146.444
43.2413 54.1203 284.905 142.957
41.847 54.1203 290.947 140.865
39.0584 54.1203 296.524 137.029
39.0584 54.1203 298.848 132.845
39.0584 54.1203 299.313 130.404
40.9175 54.1203 299.778 133.891
42.7766 54.1203 298.848 138.075
45.1004 54.1203 298.383 139.819
47.8891 54.1203 295.595 141.911
50.2129 54.1203 293.271 145.049
52.5368 54.1203 292.341 147.838
56.2549 54.1203 289.553 149.233
59.5083 54.1203 286.299 151.674
64.6208 54.1203 281.187 154.114
70.1981 54.1203 275.609 156.206
74.8458 54.1203 269.103 158.298
86.0003 54.1203 255.159 159.693
90.1833 54.1203 250.977 161.785
96.69 54.1203 241.216 162.134
101.803 54.1203 234.245 162.134
106.45 54.1203 224.949 161.088
112.028 54.1203 215.654 161.088
117.14 54.1203 204.964 161.088
123.182 54.1203 192.415 156.904
112.492 54.1203 190.556 160.739
102.267 54.1203 192.88 160.739
92.0423 54.1203 193.81 160.739
84.606 54.1203 192.415 160.739
77.1697 54.1203 189.162 160.739
68.8038 54.1203 188.232 160.739
61.8322 54.1203 193.345 160.739
55.7902 54.1203 203.105 160.739
51.6072 54.1203 212.4 160.739
46.4947 54.1203 224.485 160.739
43.7061 54.1203 231.456 160.739
39.9879 54.1203 243.075 160.739
38.5936 54.1203 248.188 160.739
36.2698 54.1203 254.695 159.693
36.2698 54.1203 260.272 159.693
33.0164 54.1203 271.426 156.555
33.0164 54.1203 277.468 155.858
34.8755 54.469 280.257 153.068
32.5516 54.469 286.764 150.279
32.5516 54.469 291.876 147.49
32.5516 54.469 291.876 144.7
32.5516 54.469 297.454 141.562
33.9459 54.469 298.383 139.819
35.3402 54.469 299.313 136.332
36.2698 54.469 300.242 133.543
37.6641 54.469 298.848 130.404
39.5232 54.469 296.989 129.707
41.847 54.469 296.059 132.497
44.1709 54.469 292.341 136.332
45.5652 54.469 290.947 139.121
49.2834 54.469 287.229 143.654
53.0015 54.1203 283.511 146.444
56.7197 54.1203 279.792 148.884
60.4379 54.1203 274.68 151.674
65.0856 54.1203 270.032 152.72
66.9447 54.1203 268.173 154.114
70.6629 54.1203 264.455 155.509
75.7753 54.1203 259.342 158.298
79.9583 54.1203 257.019 159.344
85.0708 54.1203 253.3 162.483
91.5776 54.1203 246.794 162.483
96.2253 54.1203 242.146 162.483
101.803 54.1203 234.245 163.18
106.915 54.1203 226.808 163.18
112.028 54.1203 217.048 163.18
118.999 54.1203 205.429 163.18
122.252 54.1203 196.133 161.437
116.21 54.1203 195.204 159.344
104.591 54.1203 197.993 157.252
92.9719 54.1203 198.922 153.766
84.606 54.1203 198.457 153.766
72.0572 54.1203 196.598 156.904
63.6913 54.1203 193.81 160.042
56.7197 54.1203 200.781 161.088
51.6072 53.4229 209.612 163.18
47.8891 53.4229 218.443 163.18
45.5652 53.4229 225.879 163.877
43.2413 53.4229 231.456 163.877
41.847 53.4229 237.963 163.877
39.5232 53.4229 245.399 164.923
38.1289 53.4229 251.441 164.226
39.5232 53.4229 253.3 163.18
39.5232 53.4229 257.948 162.134
39.5232 53.4229 262.131 161.088
44.1709 53.4229 262.131 157.95
44.1709 54.469 265.384 155.16
44.1709 54.469 269.103 152.022
44.1709 54.469 272.821 150.628
42.7766 54.469 282.116 146.095
42.7766 54.469 285.834 144.003
42.7766 54.469 288.158 141.562
41.3823 54.469 291.412 138.424
39.0584 54.469 297.454 135.635
39.0584 54.469 298.848 133.194
39.0584 54.469 300.242 130.753
39.0584 54.469 301.637 130.753
40.9175 54.469 299.778 134.589
41.847 54.8176 301.172 137.378
43.7061 54.8176 299.778 139.47
