69.8379 60.1509 292.457 128.899
74.9441 60.1509 287.815 133.014
79.1219 60.1509 283.638 138.844
84.6922 60.1509 278.067 144.331
90.2626 60.1509 272.497 150.847
95.833 60.1509 266.926 154.962
99.0824 60.1509 263.677 159.42
106.045 60.1509 256.714 162.163
110.687 60.1509 254.393 164.564
115.329 60.1509 250.68 166.279
121.828 60.1509 241.396 169.365
127.863 60.1509 230.255 169.365
129.719 58.0933 220.507 171.766
131.576 58.0933 206.581 171.766
127.863 58.0933 199.618 171.766
111.616 58.4362 200.546 171.766
83.7638 58.4362 200.082 171.766
69.8379 58.4362 196.368 171.766
58.233 58.4362 202.867 171.766
49.4132 58.4362 209.83 171.766
43.8429 58.4362 220.507 171.766
37.8083 58.4362 231.183 171.766
35.0231 58.4362 240.931 169.022
35.0231 58.4362 243.717 165.936
35.0231 58.4362 248.823 162.506
35.0231 58.4362 255.321 159.42
35.0231 58.4362 263.213 155.305
35.0231 58.4362 265.998 149.818
35.0231 58.4362 270.64 145.017
35.0231 58.4362 277.139 139.53
35.0231 58.4362 281.317 133.7
35.0231 58.4362 284.102 130.27
35.0231 58.4362 288.744 125.469
36.4157 58.4362 291.529 121.697
39.6651 59.465 289.672 120.668
43.3787 59.465 288.744 124.44
45.2354 59.465 292.457 126.841
52.6626 59.465 285.03 128.899
57.3046 59.465 284.566 131.642
63.3392 59.465 278.531 133.357
70.3021 59.465 271.568 138.158
76.3367 59.465 267.391 139.187
83.2996 59.465 260.428 140.901
88.87 59.465 253.929 140.901
98.154 59.465 243.252 144.331
102.796 59.465 235.825 148.446
108.831 59.465 223.756 148.446
117.186 59.465 210.759 151.875
124.613 59.465 198.225 155.305
131.112 59.465 184.299 155.305
132.969 59.465 175.48 155.305
130.184 59.465 170.838 158.048
127.398 59.465 162.946 158.048
115.793 59.465 166.66 158.048
107.902 59.465 164.339 158.048
98.154 59.465 170.373 158.048
86.549 59.465 178.729 158.048
79.5861 59.465 185.692 158.048
72.1589 59.465 200.082 153.933
66.5885 59.465 212.151 150.504
63.3392 59.465 223.756 146.388
58.6972 59.465 236.289 143.302
57.7688 59.465 243.252 142.273
55.4478 59.465 253 139.187
55.4478 59.465 259.035 139.187
55.4478 59.465 268.319 135.414
55.4478 59.465 275.746 133.357
55.4478 59.465 283.638 130.956
58.233 59.465 286.423 127.527
60.0898 59.465 288.744 124.783
63.3392 59.465 291.529 122.726
67.0527 59.465 292.921 124.44
71.2305 59.465 290.6 128.213
74.0157 59.465 289.672 132.671
78.6577 59.465 285.03 139.873
