50.403 90.0043 266.54 93.6755
46.1351 90.0043 270.808 91.6179
43.1476 90.0043 273.795 94.0185
40.1601 90.0043 276.783 95.0473
36.319 90.0043 280.624 96.762
34.6118 90.0043 282.331 97.4478
32.4779 90.0043 283.184 97.4478
31.1975 90.0043 283.184 99.8484
28.6368 90.0043 284.465 100.877
27.7832 90.0043 284.038 100.877
27.7832 90.0043 281.051 102.935
26.5029 90.0043 281.051 105.335
26.5029 90.0043 278.063 106.364
26.5029 90.0043 275.502 106.364
26.5029 90.0043 273.368 108.422
26.5029 90.0043 270.808 108.422
26.5029 90.0043 268.247 108.422
26.5029 90.0043 263.552 108.422
26.5029 89.3185 260.565 109.108
29.0636 89.3185 251.602 109.108
29.0636 89.3185 248.188 109.108
32.4779 89.3185 240.932 109.108
35.8922 88.2897 234.531 111.165
39.3065 88.2897 225.995 109.794
42.7208 88.2897 218.313 109.794
48.269 88.2897 208.497 107.736
54.2441 88.2897 200.388 107.736
61.4994 86.9179 189.291 109.108
67.4745 86.9179 181.182 109.108
71.7424 86.9179 175.207 109.451
79.4245 86.9179 174.354 109.451
88.3871 86.9179 173.5 111.851
95.2157 86.9179 173.5 111.851
103.751 86.9179 171.793 112.537
110.153 85.8891 172.646 113.566
109.3 84.1744 181.182 115.28
106.312 85.2033 188.864 114.252
104.605 85.2033 193.986 114.252
101.617 85.2033 200.388 114.252
100.764 84.8603 205.509 114.252
97.7764 84.8603 211.484 114.252
94.3621 84.8603 218.313 114.252
90.0942 84.8603 226.849 114.252
87.5335 84.8603 231.543 114.252
83.6924 84.8603 237.091 112.88
81.1317 84.8603 241.359 111.165
78.571 84.8603 245.2 110.479
76.0102 84.8603 248.188 109.108
72.1691 84.8603 254.163 107.393
70.0352 84.8603 256.724 105.335
67.0477 84.8603 260.565 105.335
63.6334 84.8603 263.979 104.307
61.4994 84.8603 266.113 101.22
57.6584 84.8603 269.954 100.191
57.6584 84.8603 269.954 99.1625
53.8173 84.8603 273.795 98.1337
52.1101 84.8603 275.502 98.1337
50.403 84.8603 277.209 99.8484
46.9887 84.8603 280.624 101.906
46.1351 84.8603 279.343 102.592
44.4279 84.8603 281.051 103.964
43.1476 84.8603 279.343 103.964
43.1476 84.8603 276.783 105.335
43.1476 84.8603 274.222 106.364
40.5869 84.8603 276.783 106.364
40.5869 84.8603 273.368 106.364
40.5869 84.8603 269.1 106.364
40.5869 84.8603 266.967 107.393
40.5869 84.8603 263.125 107.393
43.1476 84.8603 257.577 107.393
43.1476 86.2321 255.443 106.021
44.8547 86.2321 251.175 106.021
46.1351 86.2321 244.774 106.021
48.6958 86.2321 238.799 106.021
49.9762 86.2321 233.25 106.021
52.1101 86.2321 228.129 106.021
55.5244 87.2609 221.3 104.992
58.0851 87.2609 214.472 104.992
61.4994 87.2609 208.07 103.278
64.9138 87.2609 200.388 101.906
68.7548 87.2609 191.425 101.906
73.0227 87.2609 181.609 101.906
76.8638 87.9467 174.354 101.22
79.8513 88.6326 168.379 100.534
85.8264 88.6326 164.964 100.534
90.0942 88.6326 162.83 100.534
94.7889 88.6326 161.55 100.534
100.337 88.6326 157.282 100.534
103.325 88.6326 161.55 100.534
105.885 88.6326 162.83 100.534
107.593 88.6326 166.245 100.534
110.58 88.6326 168.379 100.534
110.58 88.6326 172.646 100.534
107.593 88.6326 178.195 100.534
103.325 88.6326 185.877 101.906
98.2032 88.6326 194.839 101.906
93.9353 88.6326 201.668 101.906
88.8139 88.6326 211.057 101.906
86.6799 88.6326 214.472 101.906
81.9853 88.6326 223.007 101.906
78.571 90.6902 228.982 99.8484
74.3031 90.6902 234.957 99.8484
70.8888 90.3473 240.079 98.8196
67.0477 89.6614 243.92 99.5055
64.9138 89.6614 249.041 99.5055
58.9387 89.6614 255.016 97.1049
56.378 89.6614 260.565 96.419
54.2441 89.6614 262.699 96.419
49.5494 91.3761 267.393 93.6755
44.8547 91.3761 272.088 92.9897
42.7208 91.3761 274.222 92.9897
39.3065 91.3761 277.636 92.9897
37.1725 91.3761 279.77 94.7044
35.8922 91.3761 281.051 96.0761
34.6118 90.6902 282.331 96.762
31.1975 90.6902 284.038 98.1337
