130.613 68.3227 187.505 126.2
130.613 68.3227 182.558 126.2
133.087 68.3227 174.642 124.486
133.582 68.3227 166.726 124.486
128.139 68.3227 165.737 124.486
123.687 68.3227 161.779 124.486
115.771 68.3227 164.253 124.486
109.339 68.3227 162.768 124.486
102.908 68.3227 163.758 125.171
97.4658 67.9798 163.758 125.857
90.5395 67.9798 165.242 127.229
84.6026 67.9798 173.653 127.229
79.1605 67.9798 181.568 127.229
73.2237 67.9798 190.474 127.229
66.2974 67.9798 197.4 127.229
61.35 67.9798 204.821 129.287
57.3921 67.9798 208.779 129.287
52.9395 67.9798 215.705 128.601
48.4868 67.9798 221.642 127.229
46.5079 67.9798 228.074 126.2
45.0237 67.9798 231.537 126.2
41.5605 67.9798 238.958 126.2
39.5816 67.9798 241.432 126.2
36.6132 67.9798 247.368 126.2
36.6132 67.9798 249.347 125.171
34.6342 67.9798 254.295 125.171
33.6447 67.9798 256.768 125.171
32.6553 67.9798 260.726 125.171
32.1605 68.6656 266.168 124.486
32.1605 68.6656 268.147 122.771
31.6658 68.6656 273.095 122.771
31.6658 68.6656 275.568 122.771
31.6658 68.6656 279.032 121.742
31.6658 68.6656 281.505 121.742
31.6658 68.6656 284.968 121.056
30.1816 69.3515 288.432 120.027
31.6658 69.3515 289.916 118.999
31.6658 69.3515 292.884 118.313
31.6658 69.3515 294.863 117.97
31.6658 69.3515 297.832 116.598
31.6658 69.3515 300.305 114.883
31.6658 70.7233 301.295 113.512
31.6658 70.7233 304.263 113.512
31.6658 70.7233 307.232 112.826
31.6658 70.7233 309.705 111.454
31.6658 70.7233 312.674 109.739
31.6658 70.7233 314.158 108.711
31.6658 71.0662 317.126 108.368
31.6658 71.0662 317.621 106.996
34.6342 71.0662 317.126 108.711
34.6342 71.0662 318.116 108.711
36.1184 72.4379 318.116 108.368
37.6026 72.4379 318.611 108.368
39.5816 72.4379 317.126 110.425
42.0553 72.4379 316.632 110.425
43.0447 72.4379 315.642 111.454
47.0026 72.4379 311.684 112.826
48.9816 72.4379 311.684 113.855
50.9605 72.4379 309.705 113.855
52.4447 72.4379 308.221 113.855
54.4237 72.4379 307.726 115.569
57.8868 72.4379 304.263 116.255
60.3605 73.8097 301.789 115.569
62.8342 73.8097 299.316 115.569
65.8026 73.8097 296.347 115.912
68.7711 73.8097 293.379 117.284
73.7184 73.8097 288.432 117.284
76.6868 73.8097 286.453 118.656
80.15 73.8097 282.989 118.656
83.1184 73.8097 279.032 119.342
85.5921 73.8097 275.074 120.713
89.0553 73.8097 271.611 120.713
91.5289 73.8097 269.137 120.713
94.4974 73.8097 264.684 120.713
98.4553 74.8385 258.747 119.684
101.424 74.8385 253.305 119.684
104.392 74.8385 250.337 119.684
107.855 74.8385 243.905 119.684
111.813 74.8385 238.958 119.684
115.276 74.8385 231.537 119.684
119.234 74.8385 223.621 119.684
121.213 74.8385 218.674 119.684
123.687 74.8385 213.232 119.684
127.15 74.8385 206.8 119.684
130.118 74.8385 198.389 119.684
133.582 74.8385 189.979 119.684
136.055 74.8385 182.063 119.684
134.571 75.5243 177.611 119.684
132.592 75.5243 175.137 119.684
132.592 75.5243 168.705 120.027
128.634 75.5243 166.726 120.027
127.15 75.5243 161.779 120.027
121.708 75.5243 161.779 120.713
116.761 76.2102 161.284 120.027
110.329 76.2102 161.779 118.656
105.382 76.2102 162.768 118.656
97.4658 76.2102 170.684 118.656
90.0447 76.2102 175.632 118.656
85.0974 76.2102 177.611 120.713
80.15 76.2102 182.558 119.684
73.7184 76.2102 188 119.684
69.7605 76.2102 194.926 119.684
65.8026 76.2102 201.358 119.684
60.3605 76.2102 209.274 119.684
58.3816 76.2102 213.726 119.684
54.9184 76.2102 222.137 118.656
51.95 76.2102 228.074 118.656
49.4763 76.2102 234.011 118.656
46.0132 76.2102 238.463 118.656
46.0132 76.2102 241.926 118.656
42.0553 75.5243 251.326 119.342
42.0553 75.5243 254.789 118.656
39.5816 75.5243 261.716 118.656
39.5816 75.5243 265.674 117.627
37.6026 74.8385 270.621 117.97
36.6132 74.8385 274.579 117.284
35.6237 74.8385 280.021 117.284
35.6237 74.8385 281.505 116.598
35.6237 74.8385 285.958 115.226
35.6237 74.8385 290.411 113.855
35.1289 74.1526 293.874 114.54
35.1289 74.1526 297.337 113.512
35.1289 74.1526 301.295 112.14
35.1289 74.1526 304.263 112.14
35.1289 74.1526 306.737 111.111
35.1289 74.1526 310.695 108.711
35.1289 74.1526 313.663 108.711
35.1289 74.1526 315.642 108.025
37.1079 74.1526 317.126 107.339
37.1079 74.1526 319.105 105.967
38.0974 72.7809 319.6 107.682
40.5711 72.7809 321.084 106.996
42.0553 72.7809 322.074 108.025
45.5184 72.7809 320.589 109.053
78.6658 72.7809 287.442 109.053
47.4974 72.7809 318.611 111.111
50.4658 72.7809 315.642 112.483
53.4342 72.7809 312.674 113.855
54.9184 72.7809 311.189 113.855
56.8974 72.7809 309.211 116.255
59.3711 71.4091 306.737 117.627
62.3395 71.4091 303.768 117.627
63.8237 71.4091 298.821 118.656
70.75 71.4091 293.874 120.027
73.2237 71.4091 292.884 120.027
78.6658 71.4091 288.432 121.399
80.6447 70.3803 286.453 123.8
83.6132 70.3803 283.484 123.8
86.5816 70.3803 280.516 124.143
91.0342 70.3803 276.063 124.143
93.0132 70.3803 273.589 124.143
95.9816 70.3803 268.642 124.143
99.9395 69.6944 264.684 124.829
103.403 69.6944 258.253 125.857
105.876 69.6944 253.8 125.857
108.845 68.3227 249.347 127.229
111.318 68.3227 243.411 127.229
115.276 68.3227 235 127.229
118.739 68.3227 227.579 127.229
121.213 68.3227 222.137 127.229
124.182 68.3227 214.716 127.229
125.666 68.3227 207.789 127.229
128.139 68.3227 200.368 126.543
128.139 68.3227 194.432 126.543
130.118 68.3227 186.516 126.543
132.592 68.3227 177.116 126.543
133.582 68.3227 167.221 123.8
129.129 68.3227 164.747 123.8
123.192 68.3227 164.747 123.8
115.276 68.3227 164.253 123.8
