69.9219 54.6354 186.858 118.785
74.0337 54.6354 183.66 118.785
80.8867 54.6354 178.177 118.785
87.2828 52.5635 174.522 120.856
92.3083 52.5635 174.522 120.856
99.6182 52.5635 174.979 120.856
106.471 51.8729 174.522 118.439
111.497 51.1823 175.436 119.13
117.436 51.1823 174.979 119.13
117.436 51.1823 180.919 119.13
119.263 51.1823 184.117 119.13
120.177 51.1823 186.401 117.403
121.548 51.1823 191.426 117.403
119.72 51.1823 195.538 117.403
116.522 51.1823 203.305 118.785
114.238 50.1464 209.701 119.82
110.583 49.1105 213.356 120.856
107.385 49.1105 220.666 120.856
103.73 49.1105 230.26 120.856
103.73 49.1105 230.26 120.856
95.0495 48.7652 240.311 121.202
91.3946 48.0746 248.078 121.892
88.6534 48.0746 252.646 121.892
85.9122 47.7293 257.672 122.238
79.973 47.7293 263.611 122.238
76.318 47.7293 267.723 122.238
72.6631 47.7293 272.292 122.238
69.0082 46.6934 275.947 121.892
64.4396 46.6934 280.515 121.892
58.9572 46.6934 287.825 121.892
57.5866 46.6934 289.196 121.892
52.5611 46.0028 294.221 119.475
47.9924 46.0028 299.247 119.475
44.3375 44.9669 300.617 120.511
39.312 44.9669 305.643 118.785
36.1139 44.9669 308.841 118.785
32.0021 44.9669 312.496 117.403
27.8903 43.9309 315.694 118.439
24.6923 43.9309 318.892 116.022
22.8648 43.9309 317.521 116.022
18.2962 43.9309 320.262 113.95
15.0981 43.9309 321.176 113.95
13.2707 42.895 324.374 112.569
8.702 42.895 326.202 112.569
6.87454 41.5138 323.917 113.95
6.87454 41.5138 323.461 116.022
4.13335 39.7873 323.461 118.439
4.13335 39.7873 319.349 119.82
4.13335 38.4061 316.608 122.928
4.13335 37.3702 313.409 125.345
4.13335 36.6796 312.953 127.417
4.13335 36.6796 307.927 128.453
5.96081 35.6436 301.074 130.87
5.96081 34.2624 297.419 132.251
5.96081 34.2624 292.851 134.323
4.59022 34.2624 289.196 135.704
4.59022 33.2265 286.911 136.74
4.59022 33.2265 281.886 138.122
4.59022 31.5 277.774 140.884
6.41768 31.5 273.662 140.193
7.78827 31.5 267.723 140.193
10.5295 31.5 260.413 140.193
13.7275 30.4641 255.388 141.229
16.9256 30.4641 248.991 141.229
19.6668 30.4641 240.768 142.956
26.9766 30.4641 233.001 141.575
32.9159 30.4641 222.493 141.575
37.4845 31.1547 220.209 141.575
43.8806 31.1547 212.442 141.575
50.7336 31.1547 203.305 141.575
58.9572 31.5 195.081 141.575
64.8964 31.5 191.883 141.575
74.4906 31.5 188.228 141.575
81.8004 31.5 187.772 141.575
89.1103 31.5 190.056 141.575
97.3338 31.5 190.056 141.575
105.557 31.5 191.883 141.575
112.867 31.5 190.97 141.575
120.177 31.5 193.711 141.575
123.375 31.5 195.538 141.575
121.091 31.5 202.391 140.539
119.72 31.5 207.417 140.539
117.893 31.5 217.011 140.539
117.893 31.5 222.493 140.539
116.065 31.5 230.717 140.539
111.954 31.5 240.768 140.539
107.842 32.8812 248.078 139.848
105.557 32.8812 254.931 139.848
101.446 32.8812 260.87 139.848
95.5064 35.2983 269.094 137.431
92.3083 35.2983 274.576 137.431
88.6534 35.2983 278.231 137.431
83.6279 37.0249 283.256 134.323
81.8004 37.0249 285.084 134.323
78.6024 38.4061 289.652 132.251
73.5769 38.4061 294.678 130.87
69.9219 38.4061 300.16 130.87
67.1807 40.1326 302.902 129.144
65.3533 40.1326 304.729 127.417
62.6121 41.5138 306.1 124.655
55.7591 41.5138 312.953 124.655
55.7591 42.895 312.953 120.856
51.1905 42.895 317.521 120.856
48.4493 43.5856 321.633 118.785
45.7081 43.5856 321.633 117.749
45.7081 43.5856 321.633 117.403
41.5963 44.2762 323.917 114.296
41.5963 44.2762 323.917 114.296
37.0276 44.9669 323.461 110.843
33.3727 46.6934 322.09 106.699
29.2609 46.6934 319.806 110.152
29.2609 46.6934 317.521 110.152
28.3472 46.6934 314.78 112.224
28.8041 46.6934 312.039 112.224
28.8041 46.6934 305.643 113.95
28.8041 46.6934 302.902 114.986
28.8041 46.6934 298.333 116.713
29.7178 48.4199 295.592 116.022
26.0629 48.4199 294.221 116.713
26.0629 48.4199 288.282 116.713
26.0629 48.4199 285.998 117.058
26.0629 48.4199 280.515 118.439
27.4335 48.4199 276.403 118.439
27.4335 48.4199 269.55 120.166
30.6315 49.4558 262.697 119.13
30.6315 49.4558 259.956 119.13
32.459 49.4558 254.474 119.13
34.2865 49.4558 246.707 119.13
36.1139 49.4558 242.139 119.13
37.9414 49.4558 236.656 119.13
42.0532 49.4558 227.519 119.13
44.7943 49.4558 220.209 119.13
49.8199 49.4558 211.529 120.511
53.4748 49.4558 202.391 120.511
58.5003 51.5276 193.254 118.439
63.069 51.5276 190.97 118.439
68.0945 51.5276 187.772 118.439
73.5769 51.5276 184.574 118.439
79.0592 51.5276 180.462 119.82
84.9985 51.5276 174.522 119.82
91.8515 51.5276 175.893 119.82
98.2476 51.5276 175.893 119.82
