0 1 3 6 7 8 11 12 14 19 21 23 24 25 28 29 30 32 33 34 36 39 44 45 46 46 47 49 51 52 53 55 56 57 58 59 61 62 63 64 66 67 68 69 70 71 72 73 74 76 77 78 79 80 81 82 84 85 86 88 89 90 91 92 93 94 95 96 97 98 99 100 105 106 107 108 109 111 112 113 115 117 118 120 121 125 126 127 128 129 130 131 133 133 134 136 137 137 138 139 140 141 142 143 144 145 147 148 149 150 151 152 153 154 155 156 157 158 
0 2 4 5 7 8 9 10 11 13 14 15 16 17 18 19 20 21 22 23 24 25 26 27 28 29 30 31 32 33 34 35 36 37 38 39 40 41 42 43 44 45 46 47 48 49 50 50 51 52 53 54 55 56 57 58 59 60 60 61 62 63 64 65 66 67 68 69 70 71 72 73 74 75 76 77 78 79 80 81 82 83 84 85 86 87 88 89 90 91 92 93 94 95 96 97 98 99 100 101 102 103 104 105 106 107 108 109 110 111 113 
0 1 2 3 4 5 6 8 9 10 11 12 13 14 15 16 17 18 19 21 22 23 24 25 26 27 28 29 30 31 32 33 34 35 36 37 38 39 40 41 42 42 43 44 46 47 48 49 50 51 51 52 53 54 55 55 56 57 58 59 60 60 61 62 63 64 65 66 67 68 69 70 71 72 73 74 75 76 77 78 79 79 81 82 83 84 85 86 87 88 89 90 91 92 93 93 94 95 96 97 98 99 100 101 102 103 103 104 105 106 107 108 109 110 
0 1 3 4 5 6 7 8 11 12 13 14 15 16 17 18 19 20 21 22 23 24 25 26 27 28 29 30 31 32 33 34 35 36 37 38 39 40 41 42 43 43 44 45 46 47 48 49 50 51 52 53 54 55 56 57 58 61 62 63 64 65 66 67 68 69 71 72 73 74 75 76 77 78 79 80 81 82 83 84 85 86 87 88 89 90 91 92 93 94 95 96 97 99 100 101 102 103 105 106 108 109 110 111 112 113 114 115 116 117 118 
0 2 3 4 5 6 7 10 11 12 13 14 15 16 17 18 19 20 21 21 22 23 24 25 26 26 28 29 30 31 33 34 35 35 37 38 38 39 40 41 42 43 44 45 46 49 50 51 52 55 58 59 60 61 62 64 65 68 69 70 72 73 77 79 81 82 83 84 85 86 87 88 89 90 91 92 93 94 96 97 98 99 100 101 
0 1 2 3 4 5 6 7 8 9 9 10 11 12 13 14 15 15 16 17 18 19 20 20 21 22 23 24 25 25 26 27 28 29 30 30 31 32 34 35 36 37 38 38 39 40 41 42 43 44 45 46 46 47 49 50 51 52 53 54 55 55 56 57 58 59 60 61 62 63 63 64 65 66 67 68 68 69 70 71 72 73 73 74 75 76 77 78 78 79 80 81 82 83 84 85 
0 1 2 2 3 4 5 6 7 8 8 9 10 11 12 13 13 14 15 16 17 18 19 20 20 21 22 23 24 25 26 27 29 30 31 32 33 34 35 36 37 38 39 40 40 42 42 43 44 45 46 47 48 49 50 51 52 53 54 54 55 56 57 58 59 60 61 62 62 63 64 66 67 68 69 70 71 71 72 73 74 75 76 77 78 79 80 81 82 83 83 84 85 86 87 88 89 90 91 92 93 94 95 96 97 99 100 101 102 103 104 105 106 107 108 109 110 111 112 113 114 115 116 117 118 119 120 122 123 
0 1 3 4 5 6 7 8 9 10 11 12 14 15 16 17 18 19 20 21 22 23 24 25 26 27 28 29 30 31 32 33 34 36 36 38 39 40 41 42 43 44 45 46 47 49 50 51 52 53 54 56 57 58 59 60 61 63 64 65 66 67 68 70 71 72 73 74 76 77 78 79 80 81 82 83 85 86 87 88 89 90 91 93 94 95 96 97 98 100 101 102 103 104 105 106 108 109 110 111 113 114 115 116 117 118 119 121 122 123 124 125 126 127 129 130 131 132 133 135 136 137 139 140 141 143 144 145 146 148 149 151 153 155 156 157 159 160 161 162 163 164 165 168 169 171 172 173 174 176 177 178 179 180 182 183 184 185 186 188 189 190 191 193 194 195 196 197 199 200 
0 1 2 4 5 6 7 9 9 10 11 13 14 15 16 17 18 20 21 22 23 24 25 26 27 29 30 31 32 33 34 35 36 37 38 39 40 41 42 43 45 46 47 49 50 51 52 53 54 55 56 57 58 59 60 61 62 63 64 65 66 67 68 69 70 71 72 73 75 76 77 78 79 80 81 82 83 85 86 87 88 88 89 90 91 92 93 94 95 96 97 98 99 101 102 103 103 105 105 106 107 108 109 110 
0 1 2 3 4 5 6 7 8 9 10 11 12 13 14 14 15 16 17 18 19 20 21 22 23 24 25 26 27 28 29 30 31 32 33 34 35 36 37 39 40 41 42 43 44 46 47 48 49 51 52 53 54 56 57 58 59 60 62 63 64 65 66 67 68 69 70 71 72 73 74 74 75 76 77 78 79 80 80 81 82 83 84 85 86 87 88 89 90 92 93 94 95 97 98 99 100 101 102 103 104 105 107 108 108 109 110 112 113 115 117 118 119 120 121 122 123 125 126 127 128 129 130 131 132 133 134 135 136 137 138 139 140 141 142 143 144 146 146 147 148 149 
0 1 2 3 4 5 5 6 7 8 9 10 10 11 12 13 14 15 15 16 17 18 18 19 20 21 21 22 23 23 24 25 26 26 27 28 28 29 30 30 31 32 32 33 34 35 35 36 37 37 38 39 39 40 41 41 42 42 43 44 44 45 46 46 47 47 48 49 49 50 51 51 52 53 53 54 54 55 56 56 57 57 58 59 59 60 60 61 62 62 63 64 
0 1 2 3 4 5 6 7 8 9 10 11 12 13 13 14 15 16 17 18 19 20 21 22 23 23 24 25 26 28 28 29 30 31 32 33 34 35 36 37 38 39 39 41 42 42 43 44 45 46 47 48 49 50 51 52 53 54 55 56 57 58 59 59 61 62 63 64 65 66 66 67 69 72 73 74 74 75 76 77 78 79 80 81 82 83 84 85 86 86 87 88 89 91 92 92 93 94 95 96 97 98 99 100 100 101 102 103 104 105 106 106 107 108 109 110 111 111 112 
0 2 3 5 6 8 9 11 13 15 17 18 21 22 24 26 27 29 31 32 34 35 36 38 40 42 43 45 47 49 51 53 54 56 57 59 61 62 64 65 67 69 71 72 74 76 78 80 82 84 86 88 90 91 93 95 97 99 101 102 104 105 107 108 110 112 114 115 117 119 122 124 126 128 131 133 135 138 140 142 144 147 148 150 153 155 157 159 161 163 166 169 172 174 177 179 182 185 187 190 192 195 197 200 202 204 206 208 211 213 214 216 218 
0 1 2 3 4 5 6 7 7 8 9 10 11 11 12 13 14 15 15 20 24 25 26 27 28 30 31 33 34 35 37 38 40 41 43 45 47 49 51 53 55 57 59 60 62 64 65 67 69 71 73 74 76 78 79 81 82 85 87 89 90 92 94 96 98 99 101 103 105 107 109 110 112 113 115 117 121 126 128 129 131 133 136 138 140 142 144 146 148 150 152 154 156 158 160 162 164 166 168 170 172 174 175 177 179 181 183 185 186 188 190 191 193 194 196 198 200 201 203 204 207 210 211 213 215 217 219 221 223 225 226 228 230 232 234 235 237 239 240 242 244 245 
0 0 1 2 2 3 4 5 6 6 7 8 8 9 10 10 11 12 13 13 14 15 15 16 17 17 18 19 20 20 21 22 22 23 24 24 25 26 26 27 28 28 29 29 30 31 31 32 33 33 34 35 35 36 37 37 38 39 39 40 41 41 42 43 43 44 45 45 46 47 47 48 49 49 50 51 51 52 52 53 54 55 56 56 57 58 58 59 60 60 61 62 
0 2 3 4 6 7 8 10 11 13 14 16 17 19 20 22 23 24 26 27 29 31 32 34 36 38 40 41 43 44 46 48 50 52 53 55 56 58 60 61 63 65 67 68 70 72 73 75 77 79 80 82 84 85 87 89 91 93 94 96 98 99 101 102 104 106 107 109 110 112 113 115 116 118 120 121 123 124 126 127 129 130 132 133 135 137 138 140 141 143 144 146 147 150 151 153 154 156 157 159 160 162 163 164 166 167 169 170 172 173 175 176 177 179 180 182 183 184 186 188 189 191 193 195 196 198 199 200 202 203 205 206 207 209 210 212 
0 0 1 2 3 4 4 5 6 7 7 8 9 9 10 11 11 12 13 14 14 15 16 17 17 18 19 19 20 21 22 22 23 24 24 25 26 26 27 28 28 29 30 30 31 31 32 33 33 34 35 35 36 37 38 39 39 40 41 42 42 43 44 45 45 46 47 47 48 48 49 50 50 51 52 52 53 53 54 55 56 56 57 58 58 59 60 60 61 62 62 63 64 64 65 66 66 67 68 68 69 70 70 71 72 72 73 74 74 75 76 76 77 78 78 79 80 80 82 83 83 84 85 85 86 87 88 88 89 
0 1 2 3 4 5 6 8 9 10 11 13 14 15 16 17 18 20 21 23 24 25 27 28 29 30 31 33 34 35 36 37 38 39 40 41 42 43 44 45 46 47 48 49 50 51 52 53 54 55 56 57 58 59 60 61 62 63 65 66 67 68 69 70 71 72 73 74 75 76 77 78 80 81 82 83 84 85 86 87 88 89 90 91 92 93 93 94 95 96 97 98 99 100 101 102 103 104 105 106 107 107 108 109 110 112 112 113 114 116 117 118 119 120 121 122 
0 1 2 2 3 4 4 5 6 6 7 8 8 9 10 11 11 12 13 13 14 14 15 16 16 17 18 18 19 20 20 22 22 23 24 24 25 25 26 27 27 28 29 29 30 31 31 32 33 33 34 35 35 36 37 37 38 39 39 40 41 41 42 43 43 44 44 45 46 46 47 48 49 49 50 51 52 52 53 54 54 55 56 56 57 58 58 59 60 60 61 62 63 63 64 65 65 66 67 67 68 69 69 70 71 71 
0 1 2 3 4 4 5 6 7 8 9 10 11 12 13 13 15 16 16 17 18 19 20 21 22 22 23 24 25 26 27 27 28 29 30 31 31 32 33 34 35 35 36 37 38 39 40 41 41 42 43 44 45 46 46 47 48 49 50 51 52 53 54 54 55 56 57 58 59 59 60 61 62 63 64 
